625.34899902344
45.91975854787909
6.1571987851807535
45.91975854787909
6.179271034020985
45.919757547879
6.179271034020985
45.919756547879
6.179271034020985
45.919755547879
6.179271034020985
45.919754547879
6.179271034020985
45.919753547879
6.179271034020985
45.919752547879
6.179271034020985
45.919751547879
6.179271034020985
45.919750547879
6.179271034020985
45.919749547879
6.179271034020985
45.919748547879
6.179271034020985
45.919747547879
6.179271034020985
45.919746547879
6.179271034020985
45.919745547879
6.179271034020985
45.919744547879
6.179271034020985
45.919743547879
6.179271034020985
45.919742547879
6.179271034020985
45.919741547879
6.179271034020985
45.919740547879
6.179271034020985
45.919739547879
6.179271034020985
45.919738547879
6.179271034020985
45.919737547879
6.179271034020985
45.919736547879
6.179271034020985
45.919735547879
6.179271034020985
45.919734547879
6.179271034020985
45.919733547879
6.179271034020985
45.919732547879
6.179271034020985
45.919731547879
6.179271034020985
45.919730547879
6.179271034020985
45.919729547879
6.179271034020985
45.919728547879
6.179271034020985
45.919727547879
6.179271034020985
45.919726547879
6.179271034020985
45.919725547879
6.179271034020985
45.919724547879
6.179271034020985
45.919723547879
6.179271034020985
45.919722547879
6.179271034020985
45.919721547879
6.179271034020985
45.919720547879
6.179271034020985
45.919719547879
6.179271034020985
45.919718547879
6.179271034020985
45.919717547879
6.179271034020985
45.919716547879
6.179271034020985
45.919715547879
6.179271034020985
45.919714547879
6.179271034020985
45.919713547879
6.179271034020985
45.919712547879
6.179271034020985
45.919711547879
6.179271034020985
45.919710547879
6.179271034020985
45.919709547879
6.179271034020985
45.919708547879
6.179271034020985
45.919707547879
6.179271034020985
45.919706547879
6.179271034020985
45.919705547879
6.179271034020985
45.919704547879
6.179271034020985
45.919703547879
6.179271034020985
45.919702547879
6.179271034020985
45.919701547879
6.179271034020985
45.919700547879
6.179271034020985
45.919699547879
6.179271034020985
45.919698547879
6.179271034020985
45.919697547879
6.179271034020985
45.919696547879
6.179271034020985
45.919695547879
6.179271034020985
45.919694547879
6.179271034020985
45.919693547879
6.179271034020985
45.919692547879
6.179271034020985
45.919691547879
6.179271034020985
45.919690547879
6.179271034020985
45.919689547879
6.179271034020985
45.919688547879
6.179271034020985
45.919687547879
6.179271034020985
45.919686547879
6.179271034020985
45.919685547879
6.179271034020985
45.919684547879
6.179271034020985
45.919683547879
6.179271034020985
45.919682547879
6.179271034020985
45.919681547879
6.179271034020985
45.919680547879
6.179271034020985
45.919679547879
6.179271034020985
45.919678547879
6.179271034020985
45.919677547879
6.179271034020985
45.919676547879
6.179271034020985
45.919675547879
6.179271034020985
45.919674547879
6.179271034020985
45.919673547879
6.179271034020985
45.919672547879
6.179271034020985
45.919671547879
6.179271034020985
45.919670547879
6.179271034020985
45.919669547879
6.179271034020985
45.919668547879
6.179271034020985
45.919667547879
6.179271034020985
45.919666547879
6.179271034020985
45.919665547879
6.179271034020985
45.919664547879
6.179271034020985
45.919663547879
6.179271034020985
45.919662547879
6.179271034020985
45.919661547879
6.179271034020985
45.919660547879
6.179271034020985
45.919659547879
6.179271034020985
45.919658547879
6.179271034020985
45.919657547879
6.179271034020985
45.919656547879
6.179271034020985
45.919655547879
6.179271034020985
45.919654547879
6.179271034020985
45.919653547879
6.179271034020985
45.919652547879
6.179271034020985
45.919651547879
6.179271034020985
45.919650547879
6.179271034020985
45.919649547879
6.179271034020985
45.919648547879
6.179271034020985
45.919647547879
6.179271034020985
45.919646547879
6.179271034020985
45.919645547879
6.179271034020985
45.919644547879
6.179271034020985
45.919643547879
6.179271034020985
45.919642547879
6.179271034020985
45.919641547879
6.179271034020985
45.919640547879
6.179271034020985
45.919639547879
6.179271034020985
45.919638547879
6.179271034020985
45.919637547879
6.179271034020985
45.919636547879
6.179271034020985
45.919635547879
6.179271034020985
45.919634547879
6.179271034020985
45.919633547879
6.179271034020985
45.919632547879
6.179271034020985
45.919631547879
6.179271034020985
45.919630547879
6.179271034020985
45.919629547879
6.179271034020985
45.919628547879
6.179271034020985
45.919627547879
6.179271034020985
45.919626547879
6.179271034020985
45.919625547879
6.179271034020985
45.919624547879
6.179271034020985
45.919623547879
6.179271034020985
45.919622547879
6.179271034020985
45.919621547879
6.179271034020985
45.919620547879
6.179271034020985
45.919619547879
6.179271034020985
45.919618547879
6.179271034020985
45.919617547879
6.179271034020985
45.919616547879
6.179271034020985
45.919615547879
6.179271034020985
45.919614547879
6.179271034020985
45.919613547879
6.179271034020985
45.919612547879
6.179271034020985
45.919611547879
6.179271034020985
45.919610547879
6.179271034020985
45.919609547879
6.179271034020985
45.919608547879
6.179271034020985
45.919607547879
6.179271034020985
45.919606547879
6.179271034020985
45.919605547879
6.179271034020985
45.919604547879
6.179271034020985
45.919603547879
6.179271034020985
45.919602547879
6.179271034020985
45.919601547879
6.179271034020985
45.919600547879
6.179271034020985
45.919599547879
6.179271034020985
45.919598547879
6.179271034020985
45.919597547879
6.179271034020985
45.91959654788
6.179271034020985
45.91959554788
6.179271034020985
45.91959454788
6.179271034020985
45.91959354788
6.179271034020985
45.91959254788
6.179271034020985
45.91959154788
6.179271034020985
45.91959054788
6.179271034020985
45.91958954788
6.179271034020985
45.91958854788
6.179271034020985
45.91958754788
6.179271034020985
45.91958654788
6.179271034020985
45.91958554788
6.179271034020985
45.91958454788
6.179271034020985
45.91958354788
6.179271034020985
45.91958254788
6.179271034020985
45.91958154788
6.179271034020985
45.91958054788
6.179271034020985
45.91957954788
6.179271034020985
45.91957854788
6.179271034020985
45.91957754788
6.179271034020985
45.91957654788
6.179271034020985
45.91957554788
6.179271034020985
45.91957454788
6.179271034020985
45.91957354788
6.179271034020985
45.91957254788
6.179271034020985
45.91957154788
6.179271034020985
45.91957054788
6.179271034020985
45.91956954788
6.179271034020985
45.91956854788
6.179271034020985
45.91956754788
6.179271034020985
45.91956654788
6.179271034020985
45.91956554788
6.179271034020985
45.91956454788
6.179271034020985
45.91956354788
6.179271034020985
45.91956254788
6.179271034020985
45.91956154788
6.179271034020985
45.91956054788
6.179271034020985
45.91955954788
6.179271034020985
45.91955854788
6.179271034020985
45.91955754788
6.179271034020985
45.91955654788
6.179271034020985
45.91955554788
6.179271034020985
45.91955454788
6.179271034020985
45.91955354788
6.179271034020985
45.91955254788
6.179271034020985
45.91955154788
6.179271034020985
45.91955054788
6.179271034020985
45.91954954788
6.179271034020985
45.91954854788
6.179271034020985
45.91954754788
6.179271034020985
45.91954654788
6.179271034020985
45.91954554788
6.179271034020985
45.91954454788
6.179271034020985
45.91954354788
6.179271034020985
45.91954254788
6.179271034020985
45.919541836914
6.179271034020985
45.919541836914
6.179271034020985
45.919540836914
6.179271034020985
45.919539836914
6.179271034020985
45.919538836914
6.179271034020985
45.919537836914
6.179271034020985
45.919536836914
6.179271034020985
45.919535836914
6.179271034020985
45.919534836914
6.179271034020985
45.919533836914
6.179271034020985
45.919532836914
6.179271034020985
45.919531836914
6.179271034020985
45.919530836914
6.179271034020985
45.919529836914
6.179271034020985
45.919528836914
6.179271034020985
45.919527836914
6.179271034020985
45.919526836914
6.179271034020985
45.919525836914
6.179271034020985
45.919524836914
6.179271034020985
45.919523836914
6.179271034020985
45.919522836914
6.179271034020985
45.919521836914
6.179271034020985
45.919520836914
6.179271034020985
45.919519836914
6.179271034020985
45.919518836914
6.179271034020985
45.919517836914
6.179271034020985
45.919516836914
6.179271034020985
45.919515836914
6.179271034020985
45.919514836914
6.179271034020985
45.919513836914
6.179271034020985
45.919512836914
6.179271034020985
45.919511836914
6.179271034020985
45.919510836914
6.179271034020985
45.919509836914
6.179271034020985
45.919508836914
6.179271034020985
45.919507836914
6.179271034020985
45.919506836914
6.179271034020985
45.919505836914
6.179271034020985
45.919504836914
6.179271034020985
45.919503836914
6.179271034020985
45.919502836914
6.179271034020985
45.919501836914
6.179271034020985
45.919500836914
6.179271034020985
45.919499836914
6.179271034020985
45.919498836914
6.179271034020985
45.919497836914
6.179271034020985
45.919496836914
6.179271034020985
45.919495836914
6.179271034020985
45.919494836914
6.179271034020985
45.919493836914
6.179271034020985
45.919492836914
6.179271034020985
45.919491836914
6.179271034020985
45.919490836914
6.179271034020985
45.919489836914
6.179271034020985
45.919488836914
6.179271034020985
45.919487836914
6.179271034020985
45.919486836914
6.179271034020985
45.919485836914
6.179271034020985
45.919484836914
6.179271034020985
45.919483836914
6.179271034020985
45.919482836914
6.179271034020985
45.919481836914
6.179271034020985
45.919480836914
6.179271034020985
45.919479836914
6.179271034020985
45.919478836914
6.179271034020985
45.919477836914
6.179271034020985
45.919476836914
6.179271034020985
45.919475836914
6.179271034020985
45.919474836914
6.179271034020985
45.919473836914
6.179271034020985
45.919472836914
6.179271034020985
45.919471836914
6.179271034020985
45.919470836914
6.179271034020985
45.919469836914
6.179271034020985
45.919468836914
6.179271034020985
45.919467836914
6.179271034020985
45.919466836914
6.179271034020985
45.919465836914
6.179271034020985
45.919464836914
6.179271034020985
45.919463836914
6.179271034020985
45.919462836914
6.179271034020985
45.919461836914
6.179271034020985
45.919460836914
6.179271034020985
45.919459836914
6.179271034020985
45.919458836914
6.179271034020985
45.919457836914
6.179271034020985
45.919456836914
6.179271034020985
45.919455836914
6.179271034020985
45.919454836914
6.179271034020985
45.919453836914
6.179271034020985
45.919452836914
6.179271034020985
45.919451836914
6.179271034020985
45.919450836914
6.179271034020985
45.919449836914
6.179271034020985
45.919448836914
6.179271034020985
45.919447836914
6.179271034020985
45.919446836914
6.179271034020985
45.919445836914
6.179271034020985
45.919444836914
6.179271034020985
45.919443836914
6.179271034020985
45.919442836914
6.179271034020985
45.919441836914
6.179271034020985
45.919440836914
6.179271034020985
45.919439836914
6.179271034020985
45.919438836914
6.179271034020985
45.919437836914
6.179271034020985
45.919436836914
6.179271034020985
45.919435836914
6.179271034020985
45.919434836914
6.179271034020985
45.919433836914
6.179271034020985
45.919432836914
6.179271034020985
45.919431836914
6.179271034020985
45.919430836914
6.179271034020985
45.919429836914
6.179271034020985
45.919428836914
6.179271034020985
45.919427836914
6.179271034020985
45.919426836914
6.179271034020985
45.919425836914
6.179271034020985
45.919424836914
6.179271034020985
45.919423836914
6.179271034020985
45.919422836914
6.179271034020985
45.919421836914
6.179271034020985
45.919420836914
6.179271034020985
45.919419836914
6.179271034020985
45.919418836914
6.179271034020985
45.919417836914
6.179271034020985
45.919416836914
6.179271034020985
45.919415836914
6.179271034020985
45.919414836914
6.179271034020985
45.919413836914
6.179271034020985
45.919412836914
6.179271034020985
45.919411836914
6.179271034020985
45.919410836914
6.179271034020985
45.919409836914
6.179271034020985
45.919408836914
6.179271034020985
45.919407836914
6.179271034020985
45.919406836914
6.179271034020985
45.919405836914
6.179271034020985
45.919404836914
6.179271034020985
45.919403836914
6.179271034020985
45.919402836914
6.179271034020985
45.919401836914
6.179271034020985
45.919400836914
6.179271034020985
45.919399836914
6.179271034020985
45.919398836914
6.179271034020985
45.919397836914
6.179271034020985
45.919396836914
6.179271034020985
45.919395836914
6.179271034020985
45.919394836914
6.179271034020985
45.919393836914
6.179271034020985
45.919392836914
6.179271034020985
45.919391836914
6.179271034020985
45.919390836914
6.179271034020985
45.919389836914
6.179271034020985
45.919388836914
6.179271034020985
45.919387836914
6.179271034020985
45.919386836914
6.179271034020985
45.919385836914
6.179271034020985
45.919384836914
6.179271034020985
45.919383836914
6.179271034020985
45.919382836914
6.179271034020985
45.919381836914
6.179271034020985
45.919380836914
6.179271034020985
45.919379836914
6.179271034020985
45.919378836914
6.179271034020985
45.919377836914
6.179271034020985
45.919376836914
6.179271034020985
45.919375836914
6.179271034020985
45.919374836914
6.179271034020985
45.919373836914
6.179271034020985
45.919372836914
6.179271034020985
45.919371836914
6.179271034020985
45.919370836914
6.179271034020985
45.919369836914
6.179271034020985
45.919368836914
6.179271034020985
45.919367836914
6.179271034020985
45.919366836914
6.179271034020985
45.919365836914
6.179271034020985
45.919364836914
6.179271034020985
45.919363836914
6.179271034020985
45.919362836914
6.179271034020985
45.919361836914
6.179271034020985
45.919360836914
6.179271034020985
45.919359836914
6.179271034020985
45.919358836914
6.179271034020985
45.919357836914
6.179271034020985
45.919356836914
6.179271034020985
45.919355836914
6.179271034020985
45.919354836914
6.179271034020985
45.919353836914
6.179271034020985
45.919352836914
6.179271034020985
45.919351836914
6.179271034020985
45.919350836914
6.179271034020985
45.919349836914
6.179271034020985
45.919348836914
6.179271034020985
45.919347836914
6.179271034020985
45.919346836914
6.179271034020985
45.919345836914
6.179271034020985
45.919344836914
6.179271034020985
45.919343836914
6.179271034020985
45.919342836914
6.179271034020985
45.919341836914
6.179271034020985
45.919340836914
6.179271034020985
45.919339836914
6.179271034020985
45.919338836914
6.179271034020985
45.919337836914
6.179271034020985
45.919336836914
6.179271034020985
45.919335836914
6.179271034020985
45.919334836914
6.179271034020985
45.919333836914
6.179271034020985
45.919332836914
6.179271034020985
45.919331836914
6.179271034020985
45.919330836914
6.179271034020985
45.919329836914
6.179271034020985
45.919328836914
6.179271034020985
45.919327836914
6.179271034020985
45.919326836914
6.179271034020985
45.919325836914
6.179271034020985
45.918891414983
6.179271034020985
45.918890414983
6.179271034020985
45.918889414983
6.179271034020985
45.918888414983
6.179271034020985
45.918887414983
6.179271034020985
45.918886414983
6.179271034020985
45.918885414983
6.179271034020985
45.918884414983
6.179271034020985
45.918883414983
6.179271034020985
45.918882414983
6.179271034020985
45.918881414983
6.179271034020985
45.918880414983
6.179271034020985
45.918879414983
6.179271034020985
45.918878414983
6.179271034020985
45.918877414983
6.179271034020985
45.918876414983
6.179271034020985
45.918875414983
6.179271034020985
45.918874414983
6.179271034020985
45.918873414983
6.179271034020985
45.918872414983
6.179271034020985
45.918871414983
6.179271034020985
45.918870414983
6.179271034020985
45.918869414983
6.179271034020985
45.918868414983
6.179271034020985
45.918867414983
6.179271034020985
45.918866414983
6.179271034020985
45.918865414983
6.179271034020985
45.918864414983
6.179271034020985
45.918863414983
6.179271034020985
45.918862414983
6.179271034020985
45.918861414983
6.179271034020985
45.918860414983
6.179271034020985
45.918859414983
6.179271034020985
45.918858414983
6.179271034020985
45.918857414983
6.179271034020985
45.918856414983
6.179271034020985
45.918855414983
6.179271034020985
45.918854414983
6.179271034020985
45.918853414983
6.179271034020985
45.918852414983
6.179271034020985
45.918851414983
6.179271034020985
45.918850414983
6.179271034020985
45.918849414983
6.179271034020985
45.918848414983
6.179271034020985
45.918847414983
6.179271034020985
45.918846414983
6.179271034020985
45.918845414983
6.179271034020985
45.918844414983
6.179271034020985
45.918843414983
6.179271034020985
45.918842414983
6.179271034020985
45.918841414983
6.179271034020985
45.918840414983
6.179271034020985
45.918839414983
6.179271034020985
45.918838414983
6.179271034020985
45.918837414983
6.179271034020985
45.918836414983
6.179271034020985
45.918835414983
6.179271034020985
45.918834414983
6.179271034020985
45.918833414983
6.179271034020985
45.918832414983
6.179271034020985
45.918831414983
6.179271034020985
45.918830414983
6.179271034020985
45.918829414983
6.179271034020985
45.918828414983
6.179271034020985
45.918827414983
6.179271034020985
45.918826414983
6.179271034020985
45.918825414983
6.179271034020985
45.918824414983
6.179271034020985
45.918823414983
6.179271034020985
45.918822414983
6.179271034020985
45.918821414983
6.179271034020985
45.918820414983
6.179271034020985
45.918819414983
6.179271034020985
45.918818414983
6.179271034020985
45.918817414983
6.179271034020985
45.918816414983
6.179271034020985
45.918815414983
6.179271034020985
45.918814414983
6.179271034020985
45.918813414983
6.179271034020985
45.918812414983
6.179271034020985
45.918811414983
6.179271034020985
45.918810414983
6.179271034020985
45.918809414983
6.179271034020985
45.918808414983
6.179271034020985
45.918807414983
6.179271034020985
45.918806414983
6.179271034020985
45.918805414983
6.179271034020985
45.918804414983
6.179271034020985
45.918803414983
6.179271034020985
45.918802414983
6.179271034020985
45.918801414983
6.179271034020985
45.918800414983
6.179271034020985
45.918799414983
6.179271034020985
45.918798414983
6.179271034020985
45.918797414983
6.179271034020985
45.918796414983
6.179271034020985
45.918795414983
6.179271034020985
45.918794414983
6.179271034020985
45.918793414983
6.179271034020985
45.918792414983
6.179271034020985
45.918791414983
6.179271034020985
45.918790414983
6.179271034020985
45.918789414983
6.179271034020985
45.918788414983
6.179271034020985
45.918787414983
6.179271034020985
45.918786414983
6.179271034020985
45.918785414983
6.179271034020985
45.918784414983
6.179271034020985
45.918783414983
6.179271034020985
45.918782414983
6.179271034020985
45.918781414983
6.179271034020985
45.918780414983
6.179271034020985
45.918779414983
6.179271034020985
45.918778414983
6.179271034020985
45.918777414983
6.179271034020985
45.918776414983
6.179271034020985
45.918775414983
6.179271034020985
45.918774414983
6.179271034020985
45.918773414983
6.179271034020985
45.918772414983
6.179271034020985
45.918771414983
6.179271034020985
45.918770414983
6.179271034020985
45.918769414984
6.179271034020985
45.918768414984
6.179271034020985
45.918767414984
6.179271034020985
45.918766414984
6.179271034020985
45.918765414984
6.179271034020985
45.918764414984
6.179271034020985
45.918763414984
6.179271034020985
45.918762414984
6.179271034020985
45.918761414984
6.179271034020985
45.918760414984
6.179271034020985
45.918759414984
6.179271034020985
45.918758414984
6.179271034020985
45.918757414984
6.179271034020985
45.918756414984
6.179271034020985
45.918755414984
6.179271034020985
45.918754414984
6.179271034020985
45.918753414984
6.179271034020985
45.918752414984
6.179271034020985
45.918751414984
6.179271034020985
45.918750414984
6.179271034020985
45.918749414984
6.179271034020985
45.918748414984
6.179271034020985
45.918747414984
6.179271034020985
45.918746414984
6.179271034020985
45.918745414984
6.179271034020985
45.918744414984
6.179271034020985
45.918743414984
6.179271034020985
45.918742414984
6.179271034020985
45.918741414984
6.179271034020985
45.918740414984
6.179271034020985
45.918739414984
6.179271034020985
45.918738414984
6.179271034020985
45.918737414984
6.179271034020985
45.918736414984
6.179271034020985
45.918735414984
6.179271034020985
45.918734414984
6.179271034020985
45.918733414984
6.179271034020985
45.918732414984
6.179271034020985
45.918731414984
6.179271034020985
45.918730414984
6.179271034020985
45.918729414984
6.179271034020985
45.918728414984
6.179271034020985
45.918727414984
6.179271034020985
45.918726414984
6.179271034020985
45.918725414984
6.179271034020985
45.918724414984
6.179271034020985
45.918723414984
6.179271034020985
45.918722414984
6.179271034020985
45.918721414984
6.179271034020985
45.918720414984
6.179271034020985
45.918719414984
6.179271034020985
45.918718414984
6.179271034020985
45.918717414984
6.179271034020985
45.918716414984
6.179271034020985
45.918715414984
6.179271034020985
45.918714414984
6.179271034020985
45.918713414984
6.179271034020985
45.918712414984
6.179271034020985
45.918711414984
6.179271034020985
45.918710414984
6.179271034020985
45.918709414984
6.179271034020985
45.918708414984
6.179271034020985
45.918707414984
6.179271034020985
45.918706414984
6.179271034020985
45.918705414984
6.179271034020985
45.918704414984
6.179271034020985
45.918703414984
6.179271034020985
45.918702414984
6.179271034020985
45.918701414984
6.179271034020985
45.918700414984
6.179271034020985
45.918699414984
6.179271034020985
45.918698414984
6.179271034020985
45.918697414984
6.179271034020985
45.918696414984
6.179271034020985
45.918695414984
6.179271034020985
45.918694414984
6.179271034020985
45.918693414984
6.179271034020985
45.918692414984
6.179271034020985
45.918691414984
6.179271034020985
45.918690414984
6.179271034020985
45.918689414984
6.179271034020985
45.918688414984
6.179271034020985
45.918687414984
6.179271034020985
45.918686414984
6.179271034020985
45.918685414984
6.179271034020985
45.918684414984
6.179271034020985
45.918683414984
6.179271034020985
45.918682414984
6.179271034020985
45.918681414984
6.179271034020985
45.918680414984
6.179271034020985
45.918679414984
6.179271034020985
45.918678414984
6.179271034020985
45.918677414984
6.179271034020985
45.918676414984
6.179271034020985
45.918675414984
6.179271034020985
45.918674704018
6.179271034020985
45.918674704018
6.179271034020985
45.918673704018
6.179271034020985
45.918672704018
6.179271034020985
45.918671704018
6.179271034020985
45.918670704018
6.179271034020985
45.918669704018
6.179271034020985
45.918668704018
6.179271034020985
45.918667704018
6.179271034020985
45.918666704018
6.179271034020985
45.918665704018
6.179271034020985
45.918664704018
6.179271034020985
45.918663704018
6.179271034020985
45.918662704018
6.179271034020985
45.918661704018
6.179271034020985
45.918660704018
6.179271034020985
45.918659704018
6.179271034020985
45.918658704018
6.179271034020985
45.918657704018
6.179271034020985
45.918656704018
6.179271034020985
45.918655704018
6.179271034020985
45.918654704018
6.179271034020985
45.918653704018
6.179271034020985
45.918652704018
6.179271034020985
45.918651704018
6.179271034020985
45.918650704018
6.179271034020985
45.918649704018
6.179271034020985
45.918648704018
6.179271034020985
45.918647704018
6.179271034020985
45.918646704018
6.179271034020985
45.918645704018
6.179271034020985
45.918644704018
6.179271034020985
45.918643704018
6.179271034020985
45.918642704018
6.179271034020985
45.918641704018
6.179271034020985
45.918640704018
6.179271034020985
45.918639704018
6.179271034020985
45.918638704018
6.179271034020985
45.918637704018
6.179271034020985
45.918636704018
6.179271034020985
45.918635704018
6.179271034020985
45.918634704018
6.179271034020985
45.918633704018
6.179271034020985
45.918632704018
6.179271034020985
45.918631704018
6.179271034020985
45.918630704018
6.179271034020985
45.918629704018
6.179271034020985
45.918628704018
6.179271034020985
45.918627704018
6.179271034020985
45.918626704018
6.179271034020985
45.918625704018
6.179271034020985
45.918624704018
6.179271034020985
45.918623704018
6.179271034020985
45.918622704018
6.179271034020985
45.918621704018
6.179271034020985
45.918620704018
6.179271034020985
45.918619704018
6.179271034020985
45.918618704018
6.179271034020985
45.918617704018
6.179271034020985
45.918616704018
6.179271034020985
45.918615704018
6.179271034020985
45.918614704018
6.179271034020985
45.918613704018
6.179271034020985
45.918612704018
6.179271034020985
45.918611704018
6.179271034020985
45.918610704018
6.179271034020985
45.918609704018
6.179271034020985
45.918608704018
6.179271034020985
45.918607704018
6.179271034020985
45.918606704018
6.179271034020985
45.918605704018
6.179271034020985
45.918604704018
6.179271034020985
45.918603704018
6.179271034020985
45.918602704018
6.179271034020985
45.918601704018
6.179271034020985
45.918600704018
6.179271034020985
45.918599704018
6.179271034020985
45.918598704018
6.179271034020985
45.918597704018
6.179271034020985
45.918596704018
6.179271034020985
45.918595704018
6.179271034020985
45.918594704018
6.179271034020985
45.918593704018
6.179271034020985
45.918592704018
6.179271034020985
45.918591704018
6.179271034020985
45.918590704018
6.179271034020985
45.918589704018
6.179271034020985
45.918588704018
6.179271034020985
45.918587704018
6.179271034020985
45.918586704018
6.179271034020985
45.918585704018
6.179271034020985
45.918584704018
6.179271034020985
45.918583704018
6.179271034020985
45.918582704018
6.179271034020985
45.918581704018
6.179271034020985
45.918580704018
6.179271034020985
45.918579704018
6.179271034020985
45.918578704018
6.179271034020985
45.918577704018
6.179271034020985
45.918576704018
6.179271034020985
45.918575704018
6.179271034020985
45.918574704018
6.179271034020985
45.918573704018
6.179271034020985
45.918572704018
6.179271034020985
45.918571704018
6.179271034020985
45.918570704018
6.179271034020985
45.918569704018
6.179271034020985
45.918568704018
6.179271034020985
45.918567704018
6.179271034020985
45.918566704018
6.179271034020985
45.918565704018
6.179271034020985
45.918564704018
6.179271034020985
45.918563704018
6.179271034020985
45.918562704018
6.179271034020985
45.918561704018
6.179271034020985
45.918560704018
6.179271034020985
45.918559704018
6.179271034020985
45.918558704018
6.179271034020985
45.918557704018
6.179271034020985
45.918556704018
6.179271034020985
45.918555704018
6.179271034020985
45.918554704018
6.179271034020985
45.918553704018
6.179271034020985
45.918552704018
6.179271034020985
45.918551704018
6.179271034020985
45.918550704018
6.179271034020985
45.918549704018
6.179271034020985
45.918548704018
6.179271034020985
45.918547704018
6.179271034020985
45.918546704018
6.179271034020985
45.918545704018
6.179271034020985
45.918544704018
6.179271034020985
45.918543704018
6.179271034020985
45.918542704018
6.179271034020985
45.918541704018
6.179271034020985
45.918540704018
6.179271034020985
45.918539704018
6.179271034020985
45.918538704018
6.179271034020985
45.918537704018
6.179271034020985
45.918536704018
6.179271034020985
45.918535704018
6.179271034020985
45.918534704018
6.179271034020985
45.918533704018
6.179271034020985
45.918532704018
6.179271034020985
45.918531704018
6.179271034020985
45.918530704018
6.179271034020985
45.918529704018
6.179271034020985
45.918528704018
6.179271034020985
45.918527704018
6.179271034020985
45.918526704018
6.179271034020985
45.918525704018
6.179271034020985
45.918524704018
6.179271034020985
45.918523704018
6.179271034020985
45.918522704018
6.179271034020985
45.918521704018
6.179271034020985
45.918520704018
6.179271034020985
45.918519704018
6.179271034020985
45.918518704018
6.179271034020985
45.918517704018
6.179271034020985
45.918516704018
6.179271034020985
45.918515704018
6.179271034020985
45.918514704018
6.179271034020985
45.918513704018
6.179271034020985
45.918512704018
6.179271034020985
45.918511704018
6.179271034020985
45.918510704018
6.179271034020985
45.918509704018
6.179271034020985
45.918508704018
6.179271034020985
45.918507704018
6.179271034020985
45.918506704018
6.179271034020985
45.918505704018
6.179271034020985
45.918504704018
6.179271034020985
45.918503704018
6.179271034020985
45.918502704018
6.179271034020985
45.918501704018
6.179271034020985
45.918500704018
6.179271034020985
45.918499704018
6.179271034020985
45.918498704018
6.179271034020985
45.918497704018
6.179271034020985
45.918496704018
6.179271034020985
45.918495704018
6.179271034020985
45.918494704018
6.179271034020985
45.918493704018
6.179271034020985
45.918492704018
6.179271034020985
45.918491704018
6.179271034020985
45.918490704018
6.179271034020985
45.918489704018
6.179271034020985
45.918488704018
6.179271034020985
45.918487704018
6.179271034020985
45.918486704018
6.179271034020985
45.918485704018
6.179271034020985
45.918484704018
6.179271034020985
45.918483704018
6.179271034020985
45.918482704018
6.179271034020985
45.918481704018
6.179271034020985
45.918480704018
6.179271034020985
45.918479704018
6.179271034020985
45.918478704018
6.179271034020985
45.918477704018
6.179271034020985
45.918476704018
6.179271034020985
45.918475704018
6.179271034020985
45.918474704018
6.179271034020985
45.918473704018
6.179271034020985
45.918472704018
6.179271034020985
45.918471704018
6.179271034020985
45.918470704018
6.179271034020985
45.918469704018
6.179271034020985
45.918468704018
6.179271034020985
45.918467704018
6.179271034020985
45.918466704018
6.179271034020985
45.918465704018
6.179271034020985
45.918464704018
6.179271034020985
45.918463704018
6.179271034020985
45.918462704018
6.179271034020985
45.918461704018
6.179271034020985
45.918460704018
6.179271034020985
45.918459704018
6.179271034020985
45.918458704018
6.179271034020985
45.918024282087
6.179271034020985
45.918023282087
6.179271034020985
45.918022282087
6.179271034020985
45.918021282087
6.179271034020985
45.918020282087
6.179271034020985
45.918019282087
6.179271034020985
45.918018282087
6.179271034020985
45.918017282087
6.179271034020985
45.918016282087
6.179271034020985
45.918015282087
6.179271034020985
45.918014282087
6.179271034020985
45.918013282087
6.179271034020985
45.918012282087
6.179271034020985
45.918011282087
6.179271034020985
45.918010282087
6.179271034020985
45.918009282087
6.179271034020985
45.918008282087
6.179271034020985
45.918007282087
6.179271034020985
45.918006282087
6.179271034020985
45.918005282087
6.179271034020985
45.918004282087
6.179271034020985
45.918003282087
6.179271034020985
45.918002282087
6.179271034020985
45.918001282087
6.179271034020985
45.918000282087
6.179271034020985
45.917999282087
6.179271034020985
45.917998282087
6.179271034020985
45.917997282087
6.179271034020985
45.917996282087
6.179271034020985
45.917995282087
6.179271034020985
45.917994282087
6.179271034020985
45.917993282087
6.179271034020985
45.917992282087
6.179271034020985
45.917991282087
6.179271034020985
45.917990282087
6.179271034020985
45.917989282087
6.179271034020985
45.917988282087
6.179271034020985
45.917987282087
6.179271034020985
45.917986282087
6.179271034020985
45.917985282087
6.179271034020985
45.917984282087
6.179271034020985
45.917983282087
6.179271034020985
45.917982282087
6.179271034020985
45.917981282087
6.179271034020985
45.917980282087
6.179271034020985
45.917979282087
6.179271034020985
45.917978282087
6.179271034020985
45.917977282087
6.179271034020985
45.917976282087
6.179271034020985
45.917975282087
6.179271034020985
45.917974282087
6.179271034020985
45.917973282087
6.179271034020985
45.917972282087
6.179271034020985
45.917971282087
6.179271034020985
45.917970282087
6.179271034020985
45.917969282087
6.179271034020985
45.917968282087
6.179271034020985
45.917967282087
6.179271034020985
45.917966282087
6.179271034020985
45.917965282087
6.179271034020985
45.917964282087
6.179271034020985
45.917963282087
6.179271034020985
45.917962282087
6.179271034020985
45.917961282087
6.179271034020985
45.917960282087
6.179271034020985
45.917959282087
6.179271034020985
45.917958282087
6.179271034020985
45.917957282087
6.179271034020985
45.917956282087
6.179271034020985
45.917955282087
6.179271034020985
45.917954282087
6.179271034020985
45.917953282087
6.179271034020985
45.917952282087
6.179271034020985
45.917951282087
6.179271034020985
45.917950282087
6.179271034020985
45.917949282087
6.179271034020985
45.917948282087
6.179271034020985
45.917947282087
6.179271034020985
45.917946282087
6.179271034020985
45.917945282087
6.179271034020985
45.917944282087
6.179271034020985
45.917943282087
6.179271034020985
45.917942282088
6.179271034020985
45.917941282088
6.179271034020985
45.917940282088
6.179271034020985
45.917939282088
6.179271034020985
45.917938282088
6.179271034020985
45.917937282088
6.179271034020985
45.917936282088
6.179271034020985
45.917935282088
6.179271034020985
45.917934282088
6.179271034020985
45.917933282088
6.179271034020985
45.917932282088
6.179271034020985
45.917931282088
6.179271034020985
45.917930282088
6.179271034020985
45.917929282088
6.179271034020985
45.917928282088
6.179271034020985
45.917927282088
6.179271034020985
45.917926282088
6.179271034020985
45.917925282088
6.179271034020985
45.917924282088
6.179271034020985
45.917923282088
6.179271034020985
45.917922282088
6.179271034020985
45.917921282088
6.179271034020985
45.917920282088
6.179271034020985
45.917919282088
6.179271034020985
45.917918282088
6.179271034020985
45.917917282088
6.179271034020985
45.917916282088
6.179271034020985
45.917915282088
6.179271034020985
45.917914282088
6.179271034020985
45.917913282088
6.179271034020985
45.917912282088
6.179271034020985
45.917911282088
6.179271034020985
45.917910282088
6.179271034020985
45.917909282088
6.179271034020985
45.917908282088
6.179271034020985
45.917907282088
6.179271034020985
45.917906282088
6.179271034020985
45.917905282088
6.179271034020985
45.917904282088
6.179271034020985
45.917903282088
6.179271034020985
45.917902282088
6.179271034020985
45.917901282088
6.179271034020985
45.917900282088
6.179271034020985
45.917899282088
6.179271034020985
45.917898282088
6.179271034020985
45.917897282088
6.179271034020985
45.917896282088
6.179271034020985
45.917895282088
6.179271034020985
45.917894282088
6.179271034020985
45.917893282088
6.179271034020985
45.917892282088
6.179271034020985
45.917891282088
6.179271034020985
45.917890282088
6.179271034020985
45.917889282088
6.179271034020985
45.917888282088
6.179271034020985
45.917887282088
6.179271034020985
45.917886282088
6.179271034020985
45.917885282088
6.179271034020985
45.917884282088
6.179271034020985
45.917883282088
6.179271034020985
45.917882282088
6.179271034020985
45.917881282088
6.179271034020985
45.917880282088
6.179271034020985
45.917879282088
6.179271034020985
45.917878282088
6.179271034020985
45.917877282088
6.179271034020985
45.917876282088
6.179271034020985
45.917875282088
6.179271034020985
45.917874282088
6.179271034020985
45.917873282088
6.179271034020985
45.917872282088
6.179271034020985
45.917871282088
6.179271034020985
45.917870282088
6.179271034020985
45.917869282088
6.179271034020985
45.917868282088
6.179271034020985
45.917867282088
6.179271034020985
45.917866282088
6.179271034020985
45.917865282088
6.179271034020985
45.917864282088
6.179271034020985
45.917863282088
6.179271034020985
45.917862282088
6.179271034020985
45.917861282088
6.179271034020985
45.917860282088
6.179271034020985
45.917859282088
6.179271034020985
45.917858282088
6.179271034020985
45.917857282088
6.179271034020985
45.917856282088
6.179271034020985
45.917855282088
6.179271034020985
45.917854282088
6.179271034020985
45.917853282088
6.179271034020985
45.917852282088
6.179271034020985
45.917851282088
6.179271034020985
45.917850282088
6.179271034020985
45.917849282088
6.179271034020985
45.917848282088
6.179271034020985
45.917847282088
6.179271034020985
45.917846282088
6.179271034020985
45.917845282088
6.179271034020985
45.917844282088
6.179271034020985
45.917843282088
6.179271034020985
45.917842282088
6.179271034020985
45.917841282088
6.179271034020985
45.917840282088
6.179271034020985
45.917839282088
6.179271034020985
45.917838282088
6.179271034020985
45.917837282088
6.179271034020985
45.917836282088
6.179271034020985
45.917835282088
6.179271034020985
45.917834282088
6.179271034020985
45.917833282088
6.179271034020985
45.917832282088
6.179271034020985
45.917831282088
6.179271034020985
45.917830282088
6.179271034020985
45.917829282088
6.179271034020985
45.917828282088
6.179271034020985
45.917827282088
6.179271034020985
45.917826282088
6.179271034020985
45.917825282088
6.179271034020985
45.917824282088
6.179271034020985
45.917823282088
6.179271034020985
45.917822282088
6.179271034020985
45.917821282088
6.179271034020985
45.917820282088
6.179271034020985
45.917819282088
6.179271034020985
45.917818282088
6.179271034020985
45.917817282088
6.179271034020985
45.917816282088
6.179271034020985
45.917815282088
6.179271034020985
45.917814282088
6.179271034020985
45.917813282088
6.179271034020985
45.917812282088
6.179271034020985
45.917811282088
6.179271034020985
45.917810282088
6.179271034020985
45.917809282088
6.179271034020985
45.917808282088
6.179271034020985
45.917807571122
6.179271034020985
45.917807571122
6.179271034020985
45.917806571122
6.179271034020985
45.917805571122
6.179271034020985
45.917804571122
6.179271034020985
45.917803571122
6.179271034020985
45.917802571122
6.179271034020985
45.917801571122
6.179271034020985
45.917800571122
6.179271034020985
45.917799571122
6.179271034020985
45.917798571122
6.179271034020985
45.917797571122
6.179271034020985
45.917796571122
6.179271034020985
45.917795571122
6.179271034020985
45.917794571122
6.179271034020985
45.917793571122
6.179271034020985
45.917792571122
6.179271034020985
45.917791571122
6.179271034020985
45.917790571122
6.179271034020985
45.917789571122
6.179271034020985
45.917788571122
6.179271034020985
45.917787571122
6.179271034020985
45.917786571122
6.179271034020985
45.917785571122
6.179271034020985
45.917784571122
6.179271034020985
45.917783571122
6.179271034020985
45.917782571122
6.179271034020985
45.917781571122
6.179271034020985
45.917780571122
6.179271034020985
45.917779571122
6.179271034020985
45.917778571122
6.179271034020985
45.917777571122
6.179271034020985
45.917776571122
6.179271034020985
45.917775571122
6.179271034020985
45.917774571122
6.179271034020985
45.917773571122
6.179271034020985
45.917772571122
6.179271034020985
45.917771571122
6.179271034020985
45.917770571122
6.179271034020985
45.917769571122
6.179271034020985
45.917768571122
6.179271034020985
45.917767571122
6.179271034020985
45.917766571122
6.179271034020985
45.917765571122
6.179271034020985
45.917764571122
6.179271034020985
45.917763571122
6.179271034020985
45.917762571122
6.179271034020985
45.917761571122
6.179271034020985
45.917760571122
6.179271034020985
45.917759571122
6.179271034020985
45.917758571122
6.179271034020985
45.917757571122
6.179271034020985
45.917756571122
6.179271034020985
45.917755571122
6.179271034020985
45.917754571122
6.179271034020985
45.917753571122
6.179271034020985
45.917752571122
6.179271034020985
45.917751571122
6.179271034020985
45.917750571122
6.179271034020985
45.917749571122
6.179271034020985
45.917748571122
6.179271034020985
45.917747571122
6.179271034020985
45.917746571122
6.179271034020985
45.917745571122
6.179271034020985
45.917744571122
6.179271034020985
45.917743571122
6.179271034020985
45.917742571122
6.179271034020985
45.917741571122
6.179271034020985
45.917740571122
6.179271034020985
45.917739571122
6.179271034020985
45.917738571122
6.179271034020985
45.917737571122
6.179271034020985
45.917736571122
6.179271034020985
45.917735571122
6.179271034020985
45.917734571122
6.179271034020985
45.917733571122
6.179271034020985
45.917732571122
6.179271034020985
45.917731571122
6.179271034020985
45.917730571122
6.179271034020985
45.917729571122
6.179271034020985
45.917728571122
6.179271034020985
45.917727571122
6.179271034020985
45.917726571122
6.179271034020985
45.917725571122
6.179271034020985
45.917724571122
6.179271034020985
45.917723571122
6.179271034020985
45.917722571122
6.179271034020985
45.917721571122
6.179271034020985
45.917720571122
6.179271034020985
45.917719571122
6.179271034020985
45.917718571122
6.179271034020985
45.917717571122
6.179271034020985
45.917716571122
6.179271034020985
45.917715571122
6.179271034020985
45.917714571122
6.179271034020985
45.917713571122
6.179271034020985
45.917712571122
6.179271034020985
45.917711571122
6.179271034020985
45.917710571122
6.179271034020985
45.917709571122
6.179271034020985
45.917708571122
6.179271034020985
45.917707571122
6.179271034020985
45.917706571122
6.179271034020985
45.917705571122
6.179271034020985
45.917704571122
6.179271034020985
45.917703571122
6.179271034020985
45.917702571122
6.179271034020985
45.917701571122
6.179271034020985
45.917700571122
6.179271034020985
45.917699571122
6.179271034020985
45.917698571122
6.179271034020985
45.917697571122
6.179271034020985
45.917696571122
6.179271034020985
45.917695571122
6.179271034020985
45.917694571122
6.179271034020985
45.917693571122
6.179271034020985
45.917692571122
6.179271034020985
45.917691571122
6.179271034020985
45.917690571122
6.179271034020985
45.917689571122
6.179271034020985
45.917688571122
6.179271034020985
45.917687571122
6.179271034020985
45.917686571122
6.179271034020985
45.917685571122
6.179271034020985
45.917684571122
6.179271034020985
45.917683571122
6.179271034020985
45.917682571122
6.179271034020985
45.917681571122
6.179271034020985
45.917680571122
6.179271034020985
45.917679571122
6.179271034020985
45.917678571122
6.179271034020985
45.917677571122
6.179271034020985
45.917676571122
6.179271034020985
45.917675571122
6.179271034020985
45.917674571122
6.179271034020985
45.917673571122
6.179271034020985
45.917672571122
6.179271034020985
45.917671571122
6.179271034020985
45.917670571122
6.179271034020985
45.917669571122
6.179271034020985
45.917668571122
6.179271034020985
45.917667571122
6.179271034020985
45.917666571122
6.179271034020985
45.917665571122
6.179271034020985
45.917664571122
6.179271034020985
45.917663571122
6.179271034020985
45.917662571122
6.179271034020985
45.917661571122
6.179271034020985
45.917660571122
6.179271034020985
45.917659571122
6.179271034020985
45.917658571122
6.179271034020985
45.917657571122
6.179271034020985
45.917656571122
6.179271034020985
45.917655571122
6.179271034020985
45.917654571122
6.179271034020985
45.917653571122
6.179271034020985
45.917652571122
6.179271034020985
45.917651571122
6.179271034020985
45.917650571122
6.179271034020985
45.917649571122
6.179271034020985
45.917648571122
6.179271034020985
45.917647571122
6.179271034020985
45.917646571122
6.179271034020985
45.917645571122
6.179271034020985
45.917644571122
6.179271034020985
45.917643571122
6.179271034020985
45.917642571122
6.179271034020985
45.917641571122
6.179271034020985
45.917640571122
6.179271034020985
45.917639571122
6.179271034020985
45.917638571122
6.179271034020985
45.917637571122
6.179271034020985
45.917636571122
6.179271034020985
45.917635571122
6.179271034020985
45.917634571122
6.179271034020985
45.917633571122
6.179271034020985
45.917632571122
6.179271034020985
45.917631571122
6.179271034020985
45.917630571122
6.179271034020985
45.917629571122
6.179271034020985
45.917628571122
6.179271034020985
45.917627571122
6.179271034020985
45.917626571122
6.179271034020985
45.917625571122
6.179271034020985
45.917624571122
6.179271034020985
45.917623571122
6.179271034020985
45.917622571122
6.179271034020985
45.917621571122
6.179271034020985
45.917620571122
6.179271034020985
45.917619571122
6.179271034020985
45.917618571122
6.179271034020985
45.917617571122
6.179271034020985
45.917616571122
6.179271034020985
45.917615571122
6.179271034020985
45.917614571122
6.179271034020985
45.917613571122
6.179271034020985
45.917612571122
6.179271034020985
45.917611571122
6.179271034020985
45.917610571122
6.179271034020985
45.917609571122
6.179271034020985
45.917608571122
6.179271034020985
45.917607571122
6.179271034020985
45.917606571122
6.179271034020985
45.917605571122
6.179271034020985
45.917604571122
6.179271034020985
45.917603571122
6.179271034020985
45.917602571122
6.179271034020985
45.917601571122
6.179271034020985
45.917600571122
6.179271034020985
45.917599571122
6.179271034020985
45.917598571122
6.179271034020985
45.917597571122
6.179271034020985
45.917596571122
6.179271034020985
45.917595571122
6.179271034020985
45.917594571122
6.179271034020985
45.917593571122
6.179271034020985
45.917592571122
6.179271034020985
45.917591571122
6.179271034020985
45.917157149191
6.179271034020985
45.917156149191
6.179271034020985
45.917155149191
6.179271034020985
45.917154149191
6.179271034020985
45.917153149191
6.179271034020985
45.917152149191
6.179271034020985
45.917151149191
6.179271034020985
45.917150149191
6.179271034020985
45.917149149191
6.179271034020985
45.917148149191
6.179271034020985
45.917147149191
6.179271034020985
45.917146149191
6.179271034020985
45.917145149191
6.179271034020985
45.917144149191
6.179271034020985
45.917143149191
6.179271034020985
45.917142149191
6.179271034020985
45.917141149191
6.179271034020985
45.917140149191
6.179271034020985
45.917139149191
6.179271034020985
45.917138149191
6.179271034020985
45.917137149191
6.179271034020985
45.917136149191
6.179271034020985
45.917135149191
6.179271034020985
45.917134149191
6.179271034020985
45.917133149191
6.179271034020985
45.917132149191
6.179271034020985
45.917131149191
6.179271034020985
45.917130149191
6.179271034020985
45.917129149191
6.179271034020985
45.917128149191
6.179271034020985
45.917127149191
6.179271034020985
45.917126149191
6.179271034020985
45.917125149191
6.179271034020985
45.917124149191
6.179271034020985
45.917123149191
6.179271034020985
45.917122149191
6.179271034020985
45.917121149191
6.179271034020985
45.917120149191
6.179271034020985
45.917119149191
6.179271034020985
45.917118149191
6.179271034020985
45.917117149191
6.179271034020985
45.917116149192
6.179271034020985
45.917115149192
6.179271034020985
45.917114149192
6.179271034020985
45.917113149192
6.179271034020985
45.917112149192
6.179271034020985
45.917111149192
6.179271034020985
45.917110149192
6.179271034020985
45.917109149192
6.179271034020985
45.917108149192
6.179271034020985
45.917107149192
6.179271034020985
45.917106149192
6.179271034020985
45.917105149192
6.179271034020985
45.917104149192
6.179271034020985
45.917103149192
6.179271034020985
45.917102149192
6.179271034020985
45.917101149192
6.179271034020985
45.917100149192
6.179271034020985
45.917099149192
6.179271034020985
45.917098149192
6.179271034020985
45.917097149192
6.179271034020985
45.917096149192
6.179271034020985
45.917095149192
6.179271034020985
45.917094149192
6.179271034020985
45.917093149192
6.179271034020985
45.917092149192
6.179271034020985
45.917091149192
6.179271034020985
45.917090149192
6.179271034020985
45.917089149192
6.179271034020985
45.917088149192
6.179271034020985
45.917087149192
6.179271034020985
45.917086149192
6.179271034020985
45.917085149192
6.179271034020985
45.917084149192
6.179271034020985
45.917083149192
6.179271034020985
45.917082149192
6.179271034020985
45.917081149192
6.179271034020985
45.917080149192
6.179271034020985
45.917079149192
6.179271034020985
45.917078149192
6.179271034020985
45.917077149192
6.179271034020985
45.917076149192
6.179271034020985
45.917075149192
6.179271034020985
45.917074149192
6.179271034020985
45.917073149192
6.179271034020985
45.917072149192
6.179271034020985
45.917071149192
6.179271034020985
45.917070149192
6.179271034020985
45.917069149192
6.179271034020985
45.917068149192
6.179271034020985
45.917067149192
6.179271034020985
45.917066149192
6.179271034020985
45.917065149192
6.179271034020985
45.917064149192
6.179271034020985
45.917063149192
6.179271034020985
45.917062149192
6.179271034020985
45.917061149192
6.179271034020985
45.917060149192
6.179271034020985
45.917059149192
6.179271034020985
45.917058149192
6.179271034020985
45.917057149192
6.179271034020985
45.917056149192
6.179271034020985
45.917055149192
6.179271034020985
45.917054149192
6.179271034020985
45.917053149192
6.179271034020985
45.917052149192
6.179271034020985
45.917051149192
6.179271034020985
45.917050149192
6.179271034020985
45.917049149192
6.179271034020985
45.917048149192
6.179271034020985
45.917047149192
6.179271034020985
45.917046149192
6.179271034020985
45.917045149192
6.179271034020985
45.917044149192
6.179271034020985
45.917043149192
6.179271034020985
45.917042149192
6.179271034020985
45.917041149192
6.179271034020985
45.917040149192
6.179271034020985
45.917039149192
6.179271034020985
45.917038149192
6.179271034020985
45.917037149192
6.179271034020985
45.917036149192
6.179271034020985
45.917035149192
6.179271034020985
45.917034149192
6.179271034020985
45.917033149192
6.179271034020985
45.917032149192
6.179271034020985
45.917031149192
6.179271034020985
45.917030149192
6.179271034020985
45.917029149192
6.179271034020985
45.917028149192
6.179271034020985
45.917027149192
6.179271034020985
45.917026149192
6.179271034020985
45.917025149192
6.179271034020985
45.917024149192
6.179271034020985
45.917023149192
6.179271034020985
45.917022149192
6.179271034020985
45.917021149192
6.179271034020985
45.917020149192
6.179271034020985
45.917019149192
6.179271034020985
45.917018149192
6.179271034020985
45.917017149192
6.179271034020985
45.917016149192
6.179271034020985
45.917015149192
6.179271034020985
45.917014149192
6.179271034020985
45.917013149192
6.179271034020985
45.917012149192
6.179271034020985
45.917011149192
6.179271034020985
45.917010149192
6.179271034020985
45.917009149192
6.179271034020985
45.917008149192
6.179271034020985
45.917007149192
6.179271034020985
45.917006149192
6.179271034020985
45.917005149192
6.179271034020985
45.917004149192
6.179271034020985
45.917003149192
6.179271034020985
45.917002149192
6.179271034020985
45.917001149192
6.179271034020985
45.917000149192
6.179271034020985
45.916999149192
6.179271034020985
45.916998149192
6.179271034020985
45.916997149192
6.179271034020985
45.916996149192
6.179271034020985
45.916995149192
6.179271034020985
45.916994149192
6.179271034020985
45.916993149192
6.179271034020985
45.916992149192
6.179271034020985
45.916991149192
6.179271034020985
45.916990149192
6.179271034020985
45.916989149192
6.179271034020985
45.916988149192
6.179271034020985
45.916987149192
6.179271034020985
45.916986149192
6.179271034020985
45.916985149192
6.179271034020985
45.916984149192
6.179271034020985
45.916983149192
6.179271034020985
45.916982149192
6.179271034020985
45.916981149192
6.179271034020985
45.916980149192
6.179271034020985
45.916979149192
6.179271034020985
45.916978149192
6.179271034020985
45.916977149192
6.179271034020985
45.916976149192
6.179271034020985
45.916975149192
6.179271034020985
45.916974149192
6.179271034020985
45.916973149192
6.179271034020985
45.916972149192
6.179271034020985
45.916971149192
6.179271034020985
45.916970149192
6.179271034020985
45.916969149192
6.179271034020985
45.916968149192
6.179271034020985
45.916967149192
6.179271034020985
45.916966149192
6.179271034020985
45.916965149192
6.179271034020985
45.916964149192
6.179271034020985
45.916963149192
6.179271034020985
45.916962149192
6.179271034020985
45.916961149192
6.179271034020985
45.916960149192
6.179271034020985
45.916959149192
6.179271034020985
45.916958149192
6.179271034020985
45.916957149192
6.179271034020985
45.916956149192
6.179271034020985
45.916955149192
6.179271034020985
45.916954149192
6.179271034020985
45.916953149192
6.179271034020985
45.916952149192
6.179271034020985
45.916951149192
6.179271034020985
45.916950149192
6.179271034020985
45.916949149192
6.179271034020985
45.916948149192
6.179271034020985
45.916947149192
6.179271034020985
45.916946149192
6.179271034020985
45.916945149192
6.179271034020985
45.916944149192
6.179271034020985
45.916943149192
6.179271034020985
45.916942149192
6.179271034020985
45.916941149192
6.179271034020985
45.916940438226
6.179271034020985
45.916940438226
6.179271034020985
45.916939438226
6.179271034020985
45.916938438226
6.179271034020985
45.916937438226
6.179271034020985
45.916936438226
6.179271034020985
45.916935438226
6.179271034020985
45.916934438226
6.179271034020985
45.916933438226
6.179271034020985
45.916932438226
6.179271034020985
45.916931438226
6.179271034020985
45.916930438226
6.179271034020985
45.916929438226
6.179271034020985
45.916928438226
6.179271034020985
45.916927438226
6.179271034020985
45.916926438226
6.179271034020985
45.916925438226
6.179271034020985
45.916924438226
6.179271034020985
45.916923438226
6.179271034020985
45.916922438226
6.179271034020985
45.916921438226
6.179271034020985
45.916920438226
6.179271034020985
45.916919438226
6.179271034020985
45.916918438226
6.179271034020985
45.916917438226
6.179271034020985
45.916916438226
6.179271034020985
45.916915438226
6.179271034020985
45.916914438226
6.179271034020985
45.916913438226
6.179271034020985
45.916912438226
6.179271034020985
45.916911438226
6.179271034020985
45.916910438226
6.179271034020985
45.916909438226
6.179271034020985
45.916908438226
6.179271034020985
45.916907438226
6.179271034020985
45.916906438226
6.179271034020985
45.916905438226
6.179271034020985
45.916904438226
6.179271034020985
45.916903438226
6.179271034020985
45.916902438226
6.179271034020985
45.916901438226
6.179271034020985
45.916900438226
6.179271034020985
45.916899438226
6.179271034020985
45.916898438226
6.179271034020985
45.916897438226
6.179271034020985
45.916896438226
6.179271034020985
45.916895438226
6.179271034020985
45.916894438226
6.179271034020985
45.916893438226
6.179271034020985
45.916892438226
6.179271034020985
45.916891438226
6.179271034020985
45.916890438226
6.179271034020985
45.916889438226
6.179271034020985
45.916888438226
6.179271034020985
45.916887438226
6.179271034020985
45.916886438226
6.179271034020985
45.916885438226
6.179271034020985
45.916884438226
6.179271034020985
45.916883438226
6.179271034020985
45.916882438226
6.179271034020985
45.916881438226
6.179271034020985
45.916880438226
6.179271034020985
45.916879438226
6.179271034020985
45.916878438226
6.179271034020985
45.916877438226
6.179271034020985
45.916876438226
6.179271034020985
45.916875438226
6.179271034020985
45.916874438226
6.179271034020985
45.916873438226
6.179271034020985
45.916872438226
6.179271034020985
45.916871438226
6.179271034020985
45.916870438226
6.179271034020985
45.916869438226
6.179271034020985
45.916868438226
6.179271034020985
45.916867438226
6.179271034020985
45.916866438226
6.179271034020985
45.916865438226
6.179271034020985
45.916864438226
6.179271034020985
45.916863438226
6.179271034020985
45.916862438226
6.179271034020985
45.916861438226
6.179271034020985
45.916860438226
6.179271034020985
45.916859438226
6.179271034020985
45.916858438226
6.179271034020985
45.916857438226
6.179271034020985
45.916856438226
6.179271034020985
45.916855438226
6.179271034020985
45.916854438226
6.179271034020985
45.916853438226
6.179271034020985
45.916852438226
6.179271034020985
45.916851438226
6.179271034020985
45.916850438226
6.179271034020985
45.916849438226
6.179271034020985
45.916848438226
6.179271034020985
45.916847438226
6.179271034020985
45.916846438226
6.179271034020985
45.916845438226
6.179271034020985
45.916844438226
6.179271034020985
45.916843438226
6.179271034020985
45.916842438226
6.179271034020985
45.916841438226
6.179271034020985
45.916840438226
6.179271034020985
45.916839438226
6.179271034020985
45.916838438226
6.179271034020985
45.916837438226
6.179271034020985
45.916836438226
6.179271034020985
45.916835438226
6.179271034020985
45.916834438226
6.179271034020985
45.916833438226
6.179271034020985
45.916832438226
6.179271034020985
45.916831438226
6.179271034020985
45.916830438226
6.179271034020985
45.916829438226
6.179271034020985
45.916828438226
6.179271034020985
45.916827438226
6.179271034020985
45.916826438226
6.179271034020985
45.916825438226
6.179271034020985
45.916824438226
6.179271034020985
45.916823438226
6.179271034020985
45.916822438226
6.179271034020985
45.916821438226
6.179271034020985
45.916820438226
6.179271034020985
45.916819438226
6.179271034020985
45.916818438226
6.179271034020985
45.916817438226
6.179271034020985
45.916816438226
6.179271034020985
45.916815438226
6.179271034020985
45.916814438226
6.179271034020985
45.916813438226
6.179271034020985
45.916812438226
6.179271034020985
45.916811438226
6.179271034020985
45.916810438226
6.179271034020985
45.916809438226
6.179271034020985
45.916808438226
6.179271034020985
45.916807438226
6.179271034020985
45.916806438226
6.179271034020985
45.916805438226
6.179271034020985
45.916804438226
6.179271034020985
45.916803438226
6.179271034020985
45.916802438226
6.179271034020985
45.916801438226
6.179271034020985
45.916800438226
6.179271034020985
45.916799438226
6.179271034020985
45.916798438226
6.179271034020985
45.916797438226
6.179271034020985
45.916796438226
6.179271034020985
45.916795438226
6.179271034020985
45.916794438226
6.179271034020985
45.916793438226
6.179271034020985
45.916792438226
6.179271034020985
45.916791438226
6.179271034020985
45.916790438226
6.179271034020985
45.916789438226
6.179271034020985
45.916788438226
6.179271034020985
45.916787438226
6.179271034020985
45.916786438226
6.179271034020985
45.916785438226
6.179271034020985
45.916784438226
6.179271034020985
45.916783438226
6.179271034020985
45.916782438226
6.179271034020985
45.916781438226
6.179271034020985
45.916780438226
6.179271034020985
45.916779438226
6.179271034020985
45.916778438226
6.179271034020985
45.916777438226
6.179271034020985
45.916776438226
6.179271034020985
45.916775438226
6.179271034020985
45.916774438226
6.179271034020985
45.916773438226
6.179271034020985
45.916772438226
6.179271034020985
45.916771438226
6.179271034020985
45.916770438226
6.179271034020985
45.916769438226
6.179271034020985
45.916768438226
6.179271034020985
45.916767438226
6.179271034020985
45.916766438226
6.179271034020985
45.916765438226
6.179271034020985
45.916764438226
6.179271034020985
45.916763438226
6.179271034020985
45.916762438226
6.179271034020985
45.916761438226
6.179271034020985
45.916760438226
6.179271034020985
45.916759438226
6.179271034020985
45.916758438226
6.179271034020985
45.916757438226
6.179271034020985
45.916756438226
6.179271034020985
45.916755438226
6.179271034020985
45.916754438226
6.179271034020985
45.916753438226
6.179271034020985
45.916752438226
6.179271034020985
45.916751438226
6.179271034020985
45.916750438226
6.179271034020985
45.916749438226
6.179271034020985
45.916748438226
6.179271034020985
45.916747438226
6.179271034020985
45.916746438226
6.179271034020985
45.916745438226
6.179271034020985
45.916744438226
6.179271034020985
45.916743438226
6.179271034020985
45.916742438226
6.179271034020985
45.916741438226
6.179271034020985
45.916740438226
6.179271034020985
45.916739438226
6.179271034020985
45.916738438226
6.179271034020985
45.916737438226
6.179271034020985
45.916736438226
6.179271034020985
45.916735438226
6.179271034020985
45.916734438226
6.179271034020985
45.916733438226
6.179271034020985
45.916732438226
6.179271034020985
45.916731438226
6.179271034020985
45.916730438226
6.179271034020985
45.916729438226
6.179271034020985
45.916728438226
6.179271034020985
45.916727438226
6.179271034020985
45.916726438226
6.179271034020985
45.916725438226
6.179271034020985
45.916724438226
6.179271034020985
45.916290016295
6.179271034020985
45.916289016296
6.179271034020985
45.916288016296
6.179271034020985
45.916287016296
6.179271034020985
45.916286016296
6.179271034020985
45.916285016296
6.179271034020985
45.916284016296
6.179271034020985
45.916283016296
6.179271034020985
45.916282016296
6.179271034020985
45.916281016296
6.179271034020985
45.916280016296
6.179271034020985
45.916279016296
6.179271034020985
45.916278016296
6.179271034020985
45.916277016296
6.179271034020985
45.916276016296
6.179271034020985
45.916275016296
6.179271034020985
45.916274016296
6.179271034020985
45.916273016296
6.179271034020985
45.916272016296
6.179271034020985
45.916271016296
6.179271034020985
45.916270016296
6.179271034020985
45.916269016296
6.179271034020985
45.916268016296
6.179271034020985
45.916267016296
6.179271034020985
45.916266016296
6.179271034020985
45.916265016296
6.179271034020985
45.916264016296
6.179271034020985
45.916263016296
6.179271034020985
45.916262016296
6.179271034020985
45.916261016296
6.179271034020985
45.916260016296
6.179271034020985
45.916259016296
6.179271034020985
45.916258016296
6.179271034020985
45.916257016296
6.179271034020985
45.916256016296
6.179271034020985
45.916255016296
6.179271034020985
45.916254016296
6.179271034020985
45.916253016296
6.179271034020985
45.916252016296
6.179271034020985
45.916251016296
6.179271034020985
45.916250016296
6.179271034020985
45.916249016296
6.179271034020985
45.916248016296
6.179271034020985
45.916247016296
6.179271034020985
45.916246016296
6.179271034020985
45.916245016296
6.179271034020985
45.916244016296
6.179271034020985
45.916243016296
6.179271034020985
45.916242016296
6.179271034020985
45.916241016296
6.179271034020985
45.916240016296
6.179271034020985
45.916239016296
6.179271034020985
45.916238016296
6.179271034020985
45.916237016296
6.179271034020985
45.916236016296
6.179271034020985
45.916235016296
6.179271034020985
45.916234016296
6.179271034020985
45.916233016296
6.179271034020985
45.916232016296
6.179271034020985
45.916231016296
6.179271034020985
45.916230016296
6.179271034020985
45.916229016296
6.179271034020985
45.916228016296
6.179271034020985
45.916227016296
6.179271034020985
45.916226016296
6.179271034020985
45.916225016296
6.179271034020985
45.916224016296
6.179271034020985
45.916223016296
6.179271034020985
45.916222016296
6.179271034020985
45.916221016296
6.179271034020985
45.916220016296
6.179271034020985
45.916219016296
6.179271034020985
45.916218016296
6.179271034020985
45.916217016296
6.179271034020985
45.916216016296
6.179271034020985
45.916215016296
6.179271034020985
45.916214016296
6.179271034020985
45.916213016296
6.179271034020985
45.916212016296
6.179271034020985
45.916211016296
6.179271034020985
45.916210016296
6.179271034020985
45.916209016296
6.179271034020985
45.916208016296
6.179271034020985
45.916207016296
6.179271034020985
45.916206016296
6.179271034020985
45.916205016296
6.179271034020985
45.916204016296
6.179271034020985
45.916203016296
6.179271034020985
45.916202016296
6.179271034020985
45.916201016296
6.179271034020985
45.916200016296
6.179271034020985
45.916199016296
6.179271034020985
45.916198016296
6.179271034020985
45.916197016296
6.179271034020985
45.916196016296
6.179271034020985
45.916195016296
6.179271034020985
45.916194016296
6.179271034020985
45.916193016296
6.179271034020985
45.916192016296
6.179271034020985
45.916191016296
6.179271034020985
45.916190016296
6.179271034020985
45.916189016296
6.179271034020985
45.916188016296
6.179271034020985
45.916187016296
6.179271034020985
45.916186016296
6.179271034020985
45.916185016296
6.179271034020985
45.916184016296
6.179271034020985
45.916183016296
6.179271034020985
45.916182016296
6.179271034020985
45.916181016296
6.179271034020985
45.916180016296
6.179271034020985
45.916179016296
6.179271034020985
45.916178016296
6.179271034020985
45.916177016296
6.179271034020985
45.916176016296
6.179271034020985
45.916175016296
6.179271034020985
45.916174016296
6.179271034020985
45.916173016296
6.179271034020985
45.916172016296
6.179271034020985
45.916171016296
6.179271034020985
45.916170016296
6.179271034020985
45.916169016296
6.179271034020985
45.916168016296
6.179271034020985
45.916167016296
6.179271034020985
45.916166016296
6.179271034020985
45.916165016296
6.179271034020985
45.916164016296
6.179271034020985
45.916163016296
6.179271034020985
45.916162016296
6.179271034020985
45.916161016296
6.179271034020985
45.916160016296
6.179271034020985
45.916159016296
6.179271034020985
45.916158016296
6.179271034020985
45.916157016296
6.179271034020985
45.916156016296
6.179271034020985
45.916155016296
6.179271034020985
45.916154016296
6.179271034020985
45.916153016296
6.179271034020985
45.916152016296
6.179271034020985
45.916151016296
6.179271034020985
45.916150016296
6.179271034020985
45.916149016296
6.179271034020985
45.916148016296
6.179271034020985
45.916147016296
6.179271034020985
45.916146016296
6.179271034020985
45.916145016296
6.179271034020985
45.916144016296
6.179271034020985
45.916143016296
6.179271034020985
45.916142016296
6.179271034020985
45.916141016296
6.179271034020985
45.916140016296
6.179271034020985
45.916139016296
6.179271034020985
45.916138016296
6.179271034020985
45.916137016296
6.179271034020985
45.916136016296
6.179271034020985
45.916135016296
6.179271034020985
45.916134016296
6.179271034020985
45.916133016296
6.179271034020985
45.916132016296
6.179271034020985
45.916131016296
6.179271034020985
45.916130016296
6.179271034020985
45.916129016296
6.179271034020985
45.916128016296
6.179271034020985
45.916127016296
6.179271034020985
45.916126016296
6.179271034020985
45.916125016296
6.179271034020985
45.916124016296
6.179271034020985
45.916123016296
6.179271034020985
45.916122016296
6.179271034020985
45.916121016296
6.179271034020985
45.916120016296
6.179271034020985
45.916119016296
6.179271034020985
45.916118016296
6.179271034020985
45.916117016296
6.179271034020985
45.916116016296
6.179271034020985
45.916115016296
6.179271034020985
45.916114016296
6.179271034020985
45.916113016296
6.179271034020985
45.916112016296
6.179271034020985
45.916111016296
6.179271034020985
45.916110016296
6.179271034020985
45.916109016296
6.179271034020985
45.916108016296
6.179271034020985
45.916107016296
6.179271034020985
45.916106016296
6.179271034020985
45.916105016296
6.179271034020985
45.916104016296
6.179271034020985
45.916103016296
6.179271034020985
45.916102016296
6.179271034020985
45.916101016296
6.179271034020985
45.916100016296
6.179271034020985
45.916099016296
6.179271034020985
45.916098016296
6.179271034020985
45.916097016296
6.179271034020985
45.916096016296
6.179271034020985
45.916095016296
6.179271034020985
45.916094016296
6.179271034020985
45.916093016296
6.179271034020985
45.916092016296
6.179271034020985
45.916091016296
6.179271034020985
45.916090016296
6.179271034020985
45.916089016296
6.179271034020985
45.916088016296
6.179271034020985
45.916087016296
6.179271034020985
45.916086016296
6.179271034020985
45.916085016296
6.179271034020985
45.916084016296
6.179271034020985
45.916083016296
6.179271034020985
45.916082016296
6.179271034020985
45.916081016296
6.179271034020985
45.916080016296
6.179271034020985
45.916079016296
6.179271034020985
45.916078016296
6.179271034020985
45.916077016296
6.179271034020985
45.916076016296
6.179271034020985
45.916075016296
6.179271034020985
45.916074016296
6.179271034020985
45.91607330533
6.179271034020985
45.91607330533
6.179271034020985
45.91607230533
6.179271034020985
45.91607130533
6.179271034020985
45.91607030533
6.179271034020985
45.91606930533
6.179271034020985
45.91606830533
6.179271034020985
45.91606730533
6.179271034020985
45.91606630533
6.179271034020985
45.91606530533
6.179271034020985
45.91606430533
6.179271034020985
45.91606330533
6.179271034020985
45.91606230533
6.179271034020985
45.91606130533
6.179271034020985
45.91606030533
6.179271034020985
45.91605930533
6.179271034020985
45.91605830533
6.179271034020985
45.91605730533
6.179271034020985
45.91605630533
6.179271034020985
45.91605530533
6.179271034020985
45.91605430533
6.179271034020985
45.91605330533
6.179271034020985
45.91605230533
6.179271034020985
45.91605130533
6.179271034020985
45.91605030533
6.179271034020985
45.91604930533
6.179271034020985
45.91604830533
6.179271034020985
45.91604730533
6.179271034020985
45.91604630533
6.179271034020985
45.91604530533
6.179271034020985
45.91604430533
6.179271034020985
45.91604330533
6.179271034020985
45.91604230533
6.179271034020985
45.91604130533
6.179271034020985
45.91604030533
6.179271034020985
45.91603930533
6.179271034020985
45.91603830533
6.179271034020985
45.91603730533
6.179271034020985
45.91603630533
6.179271034020985
45.91603530533
6.179271034020985
45.91603430533
6.179271034020985
45.91603330533
6.179271034020985
45.91603230533
6.179271034020985
45.91603130533
6.179271034020985
45.91603030533
6.179271034020985
45.91602930533
6.179271034020985
45.91602830533
6.179271034020985
45.91602730533
6.179271034020985
45.91602630533
6.179271034020985
45.91602530533
6.179271034020985
45.91602430533
6.179271034020985
45.91602330533
6.179271034020985
45.91602230533
6.179271034020985
45.91602130533
6.179271034020985
45.91602030533
6.179271034020985
45.91601930533
6.179271034020985
45.91601830533
6.179271034020985
45.91601730533
6.179271034020985
45.91601630533
6.179271034020985
45.91601530533
6.179271034020985
45.91601430533
6.179271034020985
45.91601330533
6.179271034020985
45.91601230533
6.179271034020985
45.91601130533
6.179271034020985
45.91601030533
6.179271034020985
45.91600930533
6.179271034020985
45.91600830533
6.179271034020985
45.91600730533
6.179271034020985
45.91600630533
6.179271034020985
45.91600530533
6.179271034020985
45.91600430533
6.179271034020985
45.91600330533
6.179271034020985
45.91600230533
6.179271034020985
45.91600130533
6.179271034020985
45.91600030533
6.179271034020985
45.91599930533
6.179271034020985
45.91599830533
6.179271034020985
45.91599730533
6.179271034020985
45.91599630533
6.179271034020985
45.91599530533
6.179271034020985
45.91599430533
6.179271034020985
45.91599330533
6.179271034020985
45.91599230533
6.179271034020985
45.91599130533
6.179271034020985
45.91599030533
6.179271034020985
45.91598930533
6.179271034020985
45.91598830533
6.179271034020985
45.91598730533
6.179271034020985
45.91598630533
6.179271034020985
45.91598530533
6.179271034020985
45.91598430533
6.179271034020985
45.91598330533
6.179271034020985
45.91598230533
6.179271034020985
45.91598130533
6.179271034020985
45.91598030533
6.179271034020985
45.91597930533
6.179271034020985
45.91597830533
6.179271034020985
45.91597730533
6.179271034020985
45.91597630533
6.179271034020985
45.91597530533
6.179271034020985
45.91597430533
6.179271034020985
45.91597330533
6.179271034020985
45.91597230533
6.179271034020985
45.91597130533
6.179271034020985
45.91597030533
6.179271034020985
45.91596930533
6.179271034020985
45.91596830533
6.179271034020985
45.91596730533
6.179271034020985
45.91596630533
6.179271034020985
45.91596530533
6.179271034020985
45.91596430533
6.179271034020985
45.91596330533
6.179271034020985
45.91596230533
6.179271034020985
45.91596130533
6.179271034020985
45.91596030533
6.179271034020985
45.91595930533
6.179271034020985
45.91595830533
6.179271034020985
45.91595730533
6.179271034020985
45.91595630533
6.179271034020985
45.91595530533
6.179271034020985
45.91595430533
6.179271034020985
45.91595330533
6.179271034020985
45.91595230533
6.179271034020985
45.91595130533
6.179271034020985
45.91595030533
6.179271034020985
45.91594930533
6.179271034020985
45.91594830533
6.179271034020985
45.91594730533
6.179271034020985
45.91594630533
6.179271034020985
45.91594530533
6.179271034020985
45.91594430533
6.179271034020985
45.91594330533
6.179271034020985
45.91594230533
6.179271034020985
45.91594130533
6.179271034020985
45.91594030533
6.179271034020985
45.91593930533
6.179271034020985
45.91593830533
6.179271034020985
45.91593730533
6.179271034020985
45.91593630533
6.179271034020985
45.91593530533
6.179271034020985
45.91593430533
6.179271034020985
45.91593330533
6.179271034020985
45.91593230533
6.179271034020985
45.91593130533
6.179271034020985
45.91593030533
6.179271034020985
45.91592930533
6.179271034020985
45.91592830533
6.179271034020985
45.91592730533
6.179271034020985
45.91592630533
6.179271034020985
45.91592530533
6.179271034020985
45.91592430533
6.179271034020985
45.91592330533
6.179271034020985
45.91592230533
6.179271034020985
45.91592130533
6.179271034020985
45.91592030533
6.179271034020985
45.91591930533
6.179271034020985
45.91591830533
6.179271034020985
45.91591730533
6.179271034020985
45.91591630533
6.179271034020985
45.91591530533
6.179271034020985
45.91591430533
6.179271034020985
45.91591330533
6.179271034020985
45.91591230533
6.179271034020985
45.91591130533
6.179271034020985
45.91591030533
6.179271034020985
45.91590930533
6.179271034020985
45.91590830533
6.179271034020985
45.91590730533
6.179271034020985
45.91590630533
6.179271034020985
45.91590530533
6.179271034020985
45.91590430533
6.179271034020985
45.91590330533
6.179271034020985
45.91590230533
6.179271034020985
45.91590130533
6.179271034020985
45.91590030533
6.179271034020985
45.91589930533
6.179271034020985
45.91589830533
6.179271034020985
45.91589730533
6.179271034020985
45.91589630533
6.179271034020985
45.91589530533
6.179271034020985
45.91589430533
6.179271034020985
45.91589330533
6.179271034020985
45.91589230533
6.179271034020985
45.91589130533
6.179271034020985
45.91589030533
6.179271034020985
45.91588930533
6.179271034020985
45.91588830533
6.179271034020985
45.91588730533
6.179271034020985
45.91588630533
6.179271034020985
45.91588530533
6.179271034020985
45.91588430533
6.179271034020985
45.91588330533
6.179271034020985
45.91588230533
6.179271034020985
45.915881305331
6.179271034020985
45.915880305331
6.179271034020985
45.915879305331
6.179271034020985
45.915878305331
6.179271034020985
45.915877305331
6.179271034020985
45.915876305331
6.179271034020985
45.915875305331
6.179271034020985
45.915874305331
6.179271034020985
45.915873305331
6.179271034020985
45.915872305331
6.179271034020985
45.915871305331
6.179271034020985
45.915870305331
6.179271034020985
45.915869305331
6.179271034020985
45.915868305331
6.179271034020985
45.915867305331
6.179271034020985
45.915866305331
6.179271034020985
45.915865305331
6.179271034020985
45.915864305331
6.179271034020985
45.915863305331
6.179271034020985
45.915862305331
6.179271034020985
45.915861305331
6.179271034020985
45.915860305331
6.179271034020985
45.915859305331
6.179271034020985
45.915858305331
6.179271034020985
45.915857305331
6.179271034020985
45.9154228834
6.179271034020985
45.9154218834
6.179271034020985
45.9154208834
6.179271034020985
45.9154198834
6.179271034020985
45.9154188834
6.179271034020985
45.9154178834
6.179271034020985
45.9154168834
6.179271034020985
45.9154158834
6.179271034020985
45.9154148834
6.179271034020985
45.9154138834
6.179271034020985
45.9154128834
6.179271034020985
45.9154118834
6.179271034020985
45.9154108834
6.179271034020985
45.9154098834
6.179271034020985
45.9154088834
6.179271034020985
45.9154078834
6.179271034020985
45.9154068834
6.179271034020985
45.9154058834
6.179271034020985
45.9154048834
6.179271034020985
45.9154038834
6.179271034020985
45.9154028834
6.179271034020985
45.9154018834
6.179271034020985
45.9154008834
6.179271034020985
45.9153998834
6.179271034020985
45.9153988834
6.179271034020985
45.9153978834
6.179271034020985
45.9153968834
6.179271034020985
45.9153958834
6.179271034020985
45.9153948834
6.179271034020985
45.9153938834
6.179271034020985
45.9153928834
6.179271034020985
45.9153918834
6.179271034020985
45.9153908834
6.179271034020985
45.9153898834
6.179271034020985
45.9153888834
6.179271034020985
45.9153878834
6.179271034020985
45.9153868834
6.179271034020985
45.9153858834
6.179271034020985
45.9153848834
6.179271034020985
45.9153838834
6.179271034020985
45.9153828834
6.179271034020985
45.9153818834
6.179271034020985
45.9153808834
6.179271034020985
45.9153798834
6.179271034020985
45.9153788834
6.179271034020985
45.9153778834
6.179271034020985
45.9153768834
6.179271034020985
45.9153758834
6.179271034020985
45.9153748834
6.179271034020985
45.9153738834
6.179271034020985
45.9153728834
6.179271034020985
45.9153718834
6.179271034020985
45.9153708834
6.179271034020985
45.9153698834
6.179271034020985
45.9153688834
6.179271034020985
45.9153678834
6.179271034020985
45.9153668834
6.179271034020985
45.9153658834
6.179271034020985
45.9153648834
6.179271034020985
45.9153638834
6.179271034020985
45.9153628834
6.179271034020985
45.9153618834
6.179271034020985
45.9153608834
6.179271034020985
45.9153598834
6.179271034020985
45.9153588834
6.179271034020985
45.9153578834
6.179271034020985
45.9153568834
6.179271034020985
45.9153558834
6.179271034020985
45.9153548834
6.179271034020985
45.9153538834
6.179271034020985
45.9153528834
6.179271034020985
45.9153518834
6.179271034020985
45.9153508834
6.179271034020985
45.9153498834
6.179271034020985
45.9153488834
6.179271034020985
45.9153478834
6.179271034020985
45.9153468834
6.179271034020985
45.9153458834
6.179271034020985
45.9153448834
6.179271034020985
45.9153438834
6.179271034020985
45.9153428834
6.179271034020985
45.9153418834
6.179271034020985
45.9153408834
6.179271034020985
45.9153398834
6.179271034020985
45.9153388834
6.179271034020985
45.9153378834
6.179271034020985
45.9153368834
6.179271034020985
45.9153358834
6.179271034020985
45.9153348834
6.179271034020985
45.9153338834
6.179271034020985
45.9153328834
6.179271034020985
45.9153318834
6.179271034020985
45.9153308834
6.179271034020985
45.9153298834
6.179271034020985
45.9153288834
6.179271034020985
45.9153278834
6.179271034020985
45.9153268834
6.179271034020985
45.9153258834
6.179271034020985
45.9153248834
6.179271034020985
45.9153238834
6.179271034020985
45.9153228834
6.179271034020985
45.9153218834
6.179271034020985
45.9153208834
6.179271034020985
45.9153198834
6.179271034020985
45.9153188834
6.179271034020985
45.9153178834
6.179271034020985
45.9153168834
6.179271034020985
45.9153158834
6.179271034020985
45.9153148834
6.179271034020985
45.9153138834
6.179271034020985
45.9153128834
6.179271034020985
45.9153118834
6.179271034020985
45.9153108834
6.179271034020985
45.9153098834
6.179271034020985
45.9153088834
6.179271034020985
45.9153078834
6.179271034020985
45.9153068834
6.179271034020985
45.9153058834
6.179271034020985
45.9153048834
6.179271034020985
45.9153038834
6.179271034020985
45.9153028834
6.179271034020985
45.9153018834
6.179271034020985
45.9153008834
6.179271034020985
45.9152998834
6.179271034020985
45.9152988834
6.179271034020985
45.9152978834
6.179271034020985
45.9152968834
6.179271034020985
45.9152958834
6.179271034020985
45.9152948834
6.179271034020985
45.9152938834
6.179271034020985
45.9152928834
6.179271034020985
45.9152918834
6.179271034020985
45.9152908834
6.179271034020985
45.9152898834
6.179271034020985
45.9152888834
6.179271034020985
45.9152878834
6.179271034020985
45.9152868834
6.179271034020985
45.9152858834
6.179271034020985
45.9152848834
6.179271034020985
45.9152838834
6.179271034020985
45.9152828834
6.179271034020985
45.9152818834
6.179271034020985
45.9152808834
6.179271034020985
45.9152798834
6.179271034020985
45.9152788834
6.179271034020985
45.9152778834
6.179271034020985
45.9152768834
6.179271034020985
45.9152758834
6.179271034020985
45.9152748834
6.179271034020985
45.9152738834
6.179271034020985
45.9152728834
6.179271034020985
45.9152718834
6.179271034020985
45.9152708834
6.179271034020985
45.9152698834
6.179271034020985
45.9152688834
6.179271034020985
45.9152678834
6.179271034020985
45.9152668834
6.179271034020985
45.9152658834
6.179271034020985
45.9152648834
6.179271034020985
45.9152638834
6.179271034020985
45.9152628834
6.179271034020985
45.9152618834
6.179271034020985
45.9152608834
6.179271034020985
45.9152598834
6.179271034020985
45.9152588834
6.179271034020985
45.9152578834
6.179271034020985
45.9152568834
6.179271034020985
45.9152558834
6.179271034020985
45.9152548834
6.179271034020985
45.9152538834
6.179271034020985
45.9152528834
6.179271034020985
45.9152518834
6.179271034020985
45.9152508834
6.179271034020985
45.9152498834
6.179271034020985
45.9152488834
6.179271034020985
45.9152478834
6.179271034020985
45.9152468834
6.179271034020985
45.9152458834
6.179271034020985
45.9152448834
6.179271034020985
45.9152438834
6.179271034020985
45.9152428834
6.179271034020985
45.9152418834
6.179271034020985
45.9152408834
6.179271034020985
45.9152398834
6.179271034020985
45.9152388834
6.179271034020985
45.9152378834
6.179271034020985
45.9152368834
6.179271034020985
45.9152358834
6.179271034020985
45.9152348834
6.179271034020985
45.9152338834
6.179271034020985
45.9152328834
6.179271034020985
45.9152318834
6.179271034020985
45.9152308834
6.179271034020985
45.9152298834
6.179271034020985
45.9152288834
6.179271034020985
45.9152278834
6.179271034020985
45.9152268834
6.179271034020985
45.9152258834
6.179271034020985
45.9152248834
6.179271034020985
45.9152238834
6.179271034020985
45.9152228834
6.179271034020985
45.9152218834
6.179271034020985
45.9152208834
6.179271034020985
45.9152198834
6.179271034020985
45.9152188834
6.179271034020985
45.9152178834
6.179271034020985
45.9152168834
6.179271034020985
45.9152158834
6.179271034020985
45.9152148834
6.179271034020985
45.9152138834
6.179271034020985
45.9152128834
6.179271034020985
45.9152118834
6.179271034020985
45.9152108834
6.179271034020985
45.9152098834
6.179271034020985
45.9152088834
6.179271034020985
45.9152078834
6.179271034020985
45.9152068834
6.179271034020985
45.915206172434
6.179271034020985
