529.94317626953
45.91946
6.157799600000089
45.91946
6.158674350995625
45.919459
6.158674350995625
45.919458
6.158674350995625
45.919457
6.158674350995625
45.919456
6.158674350995625
45.919455
6.158674350995625
45.919454
6.158674350995625
45.919453
6.158674350995625
45.919452
6.158674350995625
45.919451
6.158674350995625
45.91945
6.158674350995625
45.919449
6.158674350995625
45.919448
6.158674350995625
45.919447
6.158674350995625
45.919446
6.158674350995625
45.919445
6.158674350995625
45.919444
6.158674350995625
45.919443
6.158674350995625
45.919442
6.158674350995625
45.919441
6.158674350995625
45.91944
6.158674350995625
45.919439
6.158674350995625
45.919438
6.158674350995625
45.919437
6.158674350995625
45.919436
6.158674350995625
45.919435
6.158674350995625
45.919434
6.158674350995625
45.919433
6.158674350995625
45.919432
6.158674350995625
45.919431
6.158674350995625
45.91943
6.158674350995625
45.919429
6.158674350995625
45.919428
6.158674350995625
45.919427
6.158674350995625
45.919426
6.158674350995625
45.919425
6.158674350995625
45.919424
6.158674350995625
45.919423
6.158674350995625
45.919422
6.158674350995625
45.919421
6.158674350995625
45.91942
6.158674350995625
45.919419
6.158674350995625
45.919418
6.158674350995625
45.919417
6.158674350995625
45.919416
6.158674350995625
45.919415
6.158674350995625
45.919414
6.158674350995625
45.919413
6.158674350995625
45.919412
6.158674350995625
45.919411
6.158674350995625
45.91941
6.158674350995625
45.919409
6.158674350995625
45.919408
6.158674350995625
45.919407
6.158674350995625
45.919406
6.158674350995625
45.919405
6.158674350995625
45.919404
6.158674350995625
45.919403
6.158674350995625
45.919402
6.158674350995625
45.919401
6.158674350995625
45.9194
6.158674350995625
45.919399
6.158674350995625
45.919398
6.158674350995625
45.919397
6.158674350995625
45.919396
6.158674350995625
45.919395
6.158674350995625
45.919394
6.158674350995625
45.919393
6.158674350995625
45.919392
6.158674350995625
45.919391
6.158674350995625
45.91939
6.158674350995625
45.919389
6.158674350995625
45.919388
6.158674350995625
45.919387
6.158674350995625
45.919386
6.158674350995625
45.919385
6.158674350995625
45.919384
6.158674350995625
45.919383
6.158674350995625
45.919382
6.158674350995625
45.919381
6.158674350995625
45.91938
6.158674350995625
45.919379
6.158674350995625
45.919378
6.158674350995625
45.919377
6.158674350995625
45.919376
6.158674350995625
45.919375
6.158674350995625
45.919374
6.158674350995625
45.919373
6.158674350995625
45.919372
6.158674350995625
45.919371
6.158674350995625
45.91937
6.158674350995625
45.919369
6.158674350995625
45.919368
6.158674350995625
45.919367
6.158674350995625
45.919366
6.158674350995625
45.919365
6.158674350995625
45.919364
6.158674350995625
45.919363
6.158674350995625
45.919362
6.158674350995625
45.919361
6.158674350995625
45.91936
6.158674350995625
45.919359
6.158674350995625
45.919358
6.158674350995625
45.919357
6.158674350995625
45.919356
6.158674350995625
45.919355
6.158674350995625
45.919354
6.158674350995625
45.919353
6.158674350995625
45.919352
6.158674350995625
45.919351
6.158674350995625
45.91935
6.158674350995625
45.919349
6.158674350995625
45.919348
6.158674350995625
45.919347
6.158674350995625
45.919346
6.158674350995625
45.919345
6.158674350995625
45.919344
6.158674350995625
45.919343
6.158674350995625
45.919342
6.158674350995625
45.919341
6.158674350995625
45.91934
6.158674350995625
45.919339
6.158674350995625
45.919338
6.158674350995625
45.919337
6.158674350995625
45.919336
6.158674350995625
45.919335
6.158674350995625
45.919334
6.158674350995625
45.919333
6.158674350995625
45.919332
6.158674350995625
45.919331
6.158674350995625
45.91933
6.158674350995625
45.919329
6.158674350995625
45.919328
6.158674350995625
45.919327
6.158674350995625
45.919326
6.158674350995625
45.919325
6.158674350995625
45.919324
6.158674350995625
45.919323
6.158674350995625
45.919322
6.158674350995625
45.919321
6.158674350995625
45.91932
6.158674350995625
45.919319
6.158674350995625
45.919318
6.158674350995625
45.919317
6.158674350995625
45.919316
6.158674350995625
45.919315
6.158674350995625
45.919314
6.158674350995625
45.919313
6.158674350995625
45.919312
6.158674350995625
45.919311
6.158674350995625
45.91931
6.158674350995625
45.919309
6.158674350995625
45.919308
6.158674350995625
45.919307
6.158674350995625
45.919306
6.158674350995625
45.919305
6.158674350995625
45.919304
6.158674350995625
45.919303
6.158674350995625
45.919302663512
6.158674350995625
45.919302663512
6.158674350995625
45.919301663512
6.158674350995625
45.919300663512
6.158674350995625
45.919299663512
6.158674350995625
45.919298663512
6.158674350995625
45.919297663512
6.158674350995625
45.919296663512
6.158674350995625
45.919295663512
6.158674350995625
45.919294663512
6.158674350995625
45.919293663512
6.158674350995625
45.919292663512
6.158674350995625
45.919291663512
6.158674350995625
45.919290663512
6.158674350995625
45.919289663512
6.158674350995625
45.919288663512
6.158674350995625
45.919287663512
6.158674350995625
45.919286663512
6.158674350995625
45.919285663512
6.158674350995625
45.919284663512
6.158674350995625
45.919283663512
6.158674350995625
45.919282663512
6.158674350995625
45.919281663512
6.158674350995625
45.919280663512
6.158674350995625
45.919279663512
6.158674350995625
45.919278663512
6.158674350995625
45.919277663512
6.158674350995625
45.919276663512
6.158674350995625
45.919275663512
6.158674350995625
45.919274663512
6.158674350995625
45.919273663512
6.158674350995625
45.919272663512
6.158674350995625
45.919271663512
6.158674350995625
45.919270663512
6.158674350995625
45.919269663512
6.158674350995625
45.919268663512
6.158674350995625
45.919267663512
6.158674350995625
45.919266663512
6.158674350995625
45.919265663512
6.158674350995625
45.919264663512
6.158674350995625
45.919263663512
6.158674350995625
45.919262663512
6.158674350995625
45.919261663512
6.158674350995625
45.919260663512
6.158674350995625
45.919259663512
6.158674350995625
45.919258663512
6.158674350995625
45.919257663512
6.158674350995625
45.919256663512
6.158674350995625
45.919255663512
6.158674350995625
45.919254663512
6.158674350995625
45.919253663512
6.158674350995625
45.919252663512
6.158674350995625
45.919251663512
6.158674350995625
45.919250663512
6.158674350995625
45.919249663512
6.158674350995625
45.919248663512
6.158674350995625
45.919247663512
6.158674350995625
45.919246663512
6.158674350995625
45.919245663512
6.158674350995625
45.919244663512
6.158674350995625
45.919243663512
6.158674350995625
45.919242663512
6.158674350995625
45.919241663512
6.158674350995625
45.919240663512
6.158674350995625
45.919239663512
6.158674350995625
45.919238663512
6.158674350995625
45.919237663512
6.158674350995625
45.919236663512
6.158674350995625
45.919235663512
6.158674350995625
45.919234663512
6.158674350995625
45.919233663512
6.158674350995625
45.919232663512
6.158674350995625
45.919231663512
6.158674350995625
45.919230663512
6.158674350995625
45.919229663512
6.158674350995625
45.919228663512
6.158674350995625
45.919227663512
6.158674350995625
45.919226663512
6.158674350995625
45.919225663512
6.158674350995625
45.919224663512
6.158674350995625
45.919223663512
6.158674350995625
45.919222663512
6.158674350995625
45.919221663512
6.158674350995625
45.919220663512
6.158674350995625
45.919219663512
6.158674350995625
45.919218663512
6.158674350995625
45.919217663512
6.158674350995625
45.919216663512
6.158674350995625
45.919215663512
6.158674350995625
45.919214663512
6.158674350995625
45.919213663512
6.158674350995625
45.919212663512
6.158674350995625
45.919211663512
6.158674350995625
45.919210663512
6.158674350995625
45.919209663512
6.158674350995625
45.919208663512
6.158674350995625
45.919207663512
6.158674350995625
45.919206663512
6.158674350995625
45.919205663512
6.158674350995625
45.919204663512
6.158674350995625
45.919203663512
6.158674350995625
45.919202663512
6.158674350995625
45.919201663512
6.158674350995625
45.919200663512
6.158674350995625
45.919199663512
6.158674350995625
45.919198663512
6.158674350995625
45.919197663512
6.158674350995625
45.919196663512
6.158674350995625
45.919195663512
6.158674350995625
45.919194663512
6.158674350995625
45.919193663512
6.158674350995625
45.919192663512
6.158674350995625
45.919191663512
6.158674350995625
45.919190663512
6.158674350995625
45.919189663512
6.158674350995625
45.919188663512
6.158674350995625
45.919187663512
6.158674350995625
45.919186663512
6.158674350995625
45.919185663512
6.158674350995625
45.919184663512
6.158674350995625
45.919183663512
6.158674350995625
45.919182663512
6.158674350995625
45.919181663512
6.158674350995625
45.919180663512
6.158674350995625
45.919179663512
6.158674350995625
45.919178663512
6.158674350995625
45.919177663512
6.158674350995625
45.919176663512
6.158674350995625
45.919175663512
6.158674350995625
45.919174663512
6.158674350995625
45.919173663512
6.158674350995625
45.919172663512
6.158674350995625
45.919171663512
6.158674350995625
45.919170663512
6.158674350995625
45.919169663512
6.158674350995625
45.919168663512
6.158674350995625
45.919167663512
6.158674350995625
45.919166663512
6.158674350995625
45.919165663512
6.158674350995625
45.919164663512
6.158674350995625
45.919163663512
6.158674350995625
45.919162663512
6.158674350995625
45.919161663512
6.158674350995625
45.919160663512
6.158674350995625
45.919159663512
6.158674350995625
45.919158663512
6.158674350995625
45.919157663512
6.158674350995625
45.919156663512
6.158674350995625
45.919155663512
6.158674350995625
45.919154663512
6.158674350995625
45.919153663512
6.158674350995625
45.919152663512
6.158674350995625
45.919151663512
6.158674350995625
45.919150663512
6.158674350995625
45.919149663512
6.158674350995625
45.919148663512
6.158674350995625
45.919147663512
6.158674350995625
45.919146663512
6.158674350995625
45.919145663512
6.158674350995625
