524.91833496094
45.91946
6.1581672813821
45.91946
6.1581672813821
45.91945
6.1581672813821
45.91944
6.1581672813821
45.91943
6.1581672813821
45.91942
6.1581672813821
45.91941
6.1581672813821
45.9194
6.1581672813821
45.91939
6.1581672813821
45.91938
6.1581672813821
45.91937
6.1581672813821
45.91936
6.1581672813821
45.91935
6.1581672813821
45.91934
6.1581672813821
45.91933
6.1581672813821
45.91932
6.1581672813821
45.91931
6.1581672813821
45.9193
6.1581672813821
45.91929
6.1581672813821
45.91928
6.1581672813821
45.91927
6.1581672813821
45.91926
6.1581672813821
45.91925
6.1581672813821
45.91924
6.1581672813821
45.91923
6.1581672813821
45.91922
6.1581672813821
45.91921
6.1581672813821
45.9192
6.1581672813821
45.91919
6.1581672813821
45.91918
6.1581672813821
45.91917
6.1581672813821
45.91916
6.1581672813821
45.91915
6.1581672813821
45.91914
6.1581672813821
45.91913
6.1581672813821
45.91912
6.1581672813821
45.91911
6.1581672813821
45.9191
6.1581672813821
45.91909
6.1581672813821
45.91908
6.1581672813821
45.91907
6.1581672813821
45.91906
6.1581672813821
45.91906
6.1581572813821
45.91906
6.1581472813821
45.91906
6.1581372813821
45.91906
6.1581272813821
45.91906
6.1581172813821
45.91906
6.1581072813821
45.91906
6.1581026441464
45.91906
6.1581026441464
45.91907
6.1581026441464
45.91908
6.1581026441464
45.91909
6.1581026441464
45.9191
6.1581026441464
45.91911
6.1581026441464
45.91912
6.1581026441464
45.91913
6.1581026441464
45.91914
6.1581026441464
45.91915
6.1581026441464
45.91916
6.1581026441464
45.91917
6.1581026441464
45.91918
6.1581026441464
45.91919
6.1581026441464
45.9192
6.1581026441464
45.91921
6.1581026441464
45.91922
6.1581026441464
45.91923
6.1581026441464
45.91924
6.1581026441464
45.91925
6.1581026441464
45.91926
6.1581026441464
45.91927
6.1581026441464
45.91928
6.1581026441464
45.91929
6.1581026441464
45.9193
6.1581026441464
45.91931
6.1581026441464
45.91932
6.1581026441464
45.91933
6.1581026441464
45.91934
6.1581026441464
45.91935
6.1581026441464
45.91936
6.1581026441464
45.91937
6.1581026441464
45.91938
6.1581026441464
45.91939
6.1581026441464
45.9194
6.1581026441464
45.91941
6.1581026441464
45.91942
6.1581026441464
45.91943
6.1581026441464
45.91944
6.1581026441464
45.91945
6.1581026441464
45.91946
6.1581026441464
45.91946
6.1581026441464
45.91947
6.1581026441464
45.91947
6.1580926441464
45.91947
6.1580826441464
45.91947
6.1580726441464
45.91947
6.1580626441464
45.91947
6.1580526441464
45.91947
6.1580426441464
45.91947
6.1580380069106
45.91946
6.1580380069106
45.91945
6.1580380069106
45.91944
6.1580380069106
45.91943
6.1580380069106
45.91942
6.1580380069106
45.91941
6.1580380069106
45.9194
6.1580380069106
45.91939
6.1580380069106
45.91938
6.1580380069106
45.91937
6.1580380069106
45.91936
6.1580380069106
45.91935
6.1580380069106
45.91934
6.1580380069106
45.91933
6.1580380069106
45.91932
6.1580380069106
45.91931
6.1580380069106
45.9193
6.1580380069106
45.91929
6.1580380069106
45.91928
6.1580380069106
45.91927
6.1580380069106
45.91926
6.1580380069106
45.91925
6.1580380069106
45.91924
6.1580380069106
45.91923
6.1580380069106
45.91922
6.1580380069106
45.91921
6.1580380069106
45.9192
6.1580380069106
45.91919
6.1580380069106
45.91918
6.1580380069106
45.91917
6.1580380069106
45.91916
6.1580380069106
45.91915
6.1580380069106
45.91914
6.1580380069106
45.91913
6.1580380069106
45.91912
6.1580380069106
45.91911
6.1580380069106
45.9191
6.1580380069106
45.91909
6.1580380069106
45.91908
6.1580380069106
45.91907
6.1580380069106
45.91906
6.1580380069106
45.91906
6.1580280069106
45.91906
6.1580180069106
45.91906
6.1580080069106
45.91906
6.1579980069106
45.91906
6.1579880069106
45.91906
6.1579780069106
45.91906
6.1579733696749
45.91906
6.1579733696749
45.91907
6.1579733696749
45.91908
6.1579733696749
45.91909
6.1579733696749
45.9191
6.1579733696749
45.91911
6.1579733696749
45.91912
6.1579733696749
45.91913
6.1579733696749
45.91914
6.1579733696749
45.91915
6.1579733696749
45.91916
6.1579733696749
45.91917
6.1579733696749
45.91918
6.1579733696749
45.91919
6.1579733696749
45.9192
6.1579733696749
45.91921
6.1579733696749
45.91922
6.1579733696749
45.91923
6.1579733696749
45.91924
6.1579733696749
45.91925
6.1579733696749
45.91926
6.1579733696749
45.91927
6.1579733696749
45.91928
6.1579733696749
45.91929
6.1579733696749
45.9193
6.1579733696749
45.91931
6.1579733696749
45.91932
6.1579733696749
45.91933
6.1579733696749
45.91934
6.1579733696749
45.91935
6.1579733696749
45.91936
6.1579733696749
45.91937
6.1579733696749
45.91938
6.1579733696749
45.91939
6.1579733696749
45.9194
6.1579733696749
45.91941
6.1579733696749
45.91942
6.1579733696749
45.91943
6.1579733696749
45.91944
6.1579733696749
45.91945
6.1579733696749
45.91946
6.1579733696749
45.91946
6.1579733696749
45.91947
6.1579733696749
45.91947
6.1579633696749
45.91947
6.1579533696749
45.91947
6.1579433696749
45.91947
6.1579333696749
45.91947
6.1579233696749
45.91947
6.1579133696749
45.91947
6.1579087324391
45.91946
6.1579087324391
45.91945
6.1579087324391
45.91944
6.1579087324391
45.91943
6.1579087324391
45.91942
6.1579087324391
45.91941
6.1579087324391
45.9194
6.1579087324391
45.91939
6.1579087324391
45.91938
6.1579087324391
45.91937
6.1579087324391
45.91936
6.1579087324391
45.91935
6.1579087324391
45.91934
6.1579087324391
45.91933
6.1579087324391
45.91932
6.1579087324391
45.91931
6.1579087324391
45.9193
6.1579087324391
45.91929
6.1579087324391
45.91928
6.1579087324391
45.91927
6.1579087324391
45.91926
6.1579087324391
45.91925
6.1579087324391
45.91924
6.1579087324391
45.91923
6.1579087324391
45.91922
6.1579087324391
45.91921
6.1579087324391
45.9192
6.1579087324391
45.91919
6.1579087324391
45.91918
6.1579087324391
45.91917
6.1579087324391
45.91916
6.1579087324391
45.91915
6.1579087324391
45.91914
6.1579087324391
45.91913
6.1579087324391
45.91912
6.1579087324391
45.91911
6.1579087324391
45.9191
6.1579087324391
45.91909
6.1579087324391
45.91908
6.1579087324391
45.91907
6.1579087324391
45.91906
6.1579087324391
45.91906
6.1578987324391
45.91906
6.1578887324391
45.91906
6.1578787324391
45.91906
6.1578687324391
45.91906
6.1578587324391
45.91906
6.1578487324391
45.91906
6.1578440952034
45.91906
6.1578440952034
45.91907
6.1578440952034
45.91908
6.1578440952034
45.91909
6.1578440952034
45.9191
6.1578440952034
45.91911
6.1578440952034
45.91912
6.1578440952034
45.91913
6.1578440952034
45.91914
6.1578440952034
45.91915
6.1578440952034
45.91916
6.1578440952034
45.91917
6.1578440952034
45.91918
6.1578440952034
45.91919
6.1578440952034
45.9192
6.1578440952034
45.91921
6.1578440952034
45.91922
6.1578440952034
45.91923
6.1578440952034
45.91924
6.1578440952034
45.91925
6.1578440952034
45.91926
6.1578440952034
45.91927
6.1578440952034
45.91928
6.1578440952034
45.91929
6.1578440952034
45.9193
6.1578440952034
45.91931
6.1578440952034
45.91932
6.1578440952034
45.91933
6.1578440952034
45.91934
6.1578440952034
45.91935
6.1578440952034
45.91936
6.1578440952034
45.91937
6.1578440952034
45.91938
6.1578440952034
45.91939
6.1578440952034
45.9194
6.1578440952034
45.91941
6.1578440952034
45.91942
6.1578440952034
45.91943
6.1578440952034
45.91944
6.1578440952034
45.91945
6.1578440952034
45.91946
6.1578440952034
45.91946
6.1578440952034
45.91947
6.1578440952034
45.91947
6.1578340952034
45.91947
6.1578240952034
45.91947
6.1578140952034
45.91947
6.1578040952034
45.91947
6.1577940952034
45.91947
6.1577840952034
45.91947
6.1577794579676
45.91946
6.1577794579676
45.91945
6.1577794579676
45.91944
6.1577794579676
45.91943
6.1577794579676
45.91942
6.1577794579676
45.91941
6.1577794579676
45.9194
6.1577794579676
45.91939
6.1577794579676
45.91938
6.1577794579676
45.91937
6.1577794579676
45.91936
6.1577794579676
45.91935
6.1577794579676
45.91934
6.1577794579676
45.91933
6.1577794579676
45.91932
6.1577794579676
45.91931
6.1577794579676
45.9193
6.1577794579676
45.91929
6.1577794579676
45.91928
6.1577794579676
45.91927
6.1577794579676
45.91926
6.1577794579676
45.91925
6.1577794579676
45.91924
6.1577794579676
45.91923
6.1577794579676
45.91922
6.1577794579676
45.91921
6.1577794579676
45.9192
6.1577794579676
45.91919
6.1577794579676
45.91918
6.1577794579676
45.91917
6.1577794579676
45.91916
6.1577794579676
45.91915
6.1577794579676
45.91914
6.1577794579676
45.91913
6.1577794579676
45.91912
6.1577794579676
45.91911
6.1577794579676
45.9191
6.1577794579676
45.91909
6.1577794579676
45.91908
6.1577794579676
45.91907
6.1577794579676
