464
45.899626193518934
6.1291115803564935
45.899626193518934
6.129841492065452
45.899616193519
6.129841492065452
45.899606193519
6.129841492065452
45.899596193519
6.129841492065452
45.899586193519
6.129841492065452
45.899576193519
6.129841492065452
45.899566193519
6.129841492065452
45.899556193519
6.129841492065452
45.899546193519
6.129841492065452
45.899536193519
6.129841492065452
45.899526193519
6.129841492065452
45.899516193519
6.129841492065452
45.899506193519
6.129841492065452
45.899496193519
6.129841492065452
45.899486193519
6.129841492065452
45.899476193519
6.129841492065452
45.899466193519
6.129841492065452
45.899456193519
6.129841492065452
45.899446193519
6.129841492065452
45.899436193519
6.129841492065452
45.899426193519
6.129841492065452
45.899416193519
6.129841492065452
45.899406193519
6.129841492065452
45.899396193519
6.129841492065452
45.899386193519
6.129841492065452
45.899376193519
6.129841492065452
45.899366939245
6.129841492065452
