456.07946777344
45.9057396
6.1453292031062
45.9057396
6.1453292031062
45.9057296
6.1453292031062
45.9057196
6.1453292031062
45.9057096
6.1453292031062
45.9056996
6.1453292031062
45.9056896
6.1453292031062
45.9056796
6.1453292031062
45.9056696
6.1453292031062
45.9056596
6.1453292031062
45.9056496
6.1453292031062
45.9056396
6.1453292031062
45.9056296
6.1453292031062
45.9056196
6.1453292031062
45.9056096
6.1453292031062
45.9055996
6.1453292031062
45.9055896
6.1453292031062
45.9055796
6.1453292031062
45.9055696
6.1453292031062
45.9055596
6.1453292031062
45.9055496
6.1453292031062
45.9055396
6.1453292031062
45.9055296
6.1453292031062
45.9055196
6.1453292031062
45.9055096
6.1453292031062
45.9054996
6.1453292031062
45.9054896
6.1453292031062
45.9054796
6.1453292031062
45.9054696
6.1453292031062
45.9054596
6.1453292031062
45.9054496
6.1453292031062
45.9054396
6.1453292031062
45.9054296
6.1453292031062
45.9054196
6.1453292031062
45.9054096
6.1453292031062
45.9053996
6.1453292031062
45.9053896
6.1453292031062
45.9053796
6.1453292031062
45.9053696
6.1453292031062
45.9053596
6.1453292031062
45.9053496
6.1453292031062
45.9053396
6.1453292031062
45.9053396
6.1453192031062
45.9053396
6.1453092031062
45.9053396
6.1452992031062
45.9053396
6.1452892031062
45.9053396
6.1452792031062
45.9053396
6.1452692031062
45.9053396
6.1452592031062
45.9053396
6.1452492031062
45.9053396
6.1452392031062
45.9053396
6.1452292031062
45.9053396
6.1452258093188
45.9053396
6.1452258093188
45.9053496
6.1452258093188
45.9053596
6.1452258093188
45.9053696
6.1452258093188
45.9053796
6.1452258093188
45.9053896
6.1452258093188
45.9053996
6.1452258093188
45.9054096
6.1452258093188
45.9054196
6.1452258093188
45.9054296
6.1452258093188
45.9054396
6.1452258093188
45.9054496
6.1452258093188
45.9054596
6.1452258093188
45.9054696
6.1452258093188
45.9054796
6.1452258093188
45.9054896
6.1452258093188
45.9054996
6.1452258093188
45.9055096
6.1452258093188
45.9055196
6.1452258093188
45.9055296
6.1452258093188
45.9055396
6.1452258093188
45.9055496
6.1452258093188
45.9055596
6.1452258093188
45.9055696
6.1452258093188
45.9055796
6.1452258093188
45.9055896
6.1452258093188
45.9055996
6.1452258093188
45.9056096
6.1452258093188
45.9056196
6.1452258093188
45.9056296
6.1452258093188
45.9056396
6.1452258093188
45.9056496
6.1452258093188
45.9056596
6.1452258093188
45.9056696
6.1452258093188
45.9056796
6.1452258093188
45.9056896
6.1452258093188
45.9056996
6.1452258093188
45.9057096
6.1452258093188
45.9057196
6.1452258093188
45.9057296
6.1452258093188
45.9057396
6.1452258093188
45.9057396
6.1452258093188
45.9057496
6.1452258093188
45.9057496
6.1452158093188
45.9057496
6.1452058093188
45.9057496
6.1451958093188
45.9057496
6.1451858093188
45.9057496
6.1451758093188
45.9057496
6.1451658093188
45.9057496
6.1451558093188
45.9057496
6.1451458093188
45.9057496
6.1451358093188
45.9057496
6.1451258093188
45.9057496
6.1451224155313
45.9057396
6.1451224155313
45.9057296
6.1451224155313
45.9057196
6.1451224155313
45.9057096
6.1451224155313
45.9056996
6.1451224155313
45.9056896
6.1451224155313
45.9056796
6.1451224155313
45.9056696
6.1451224155313
45.9056596
6.1451224155313
45.9056496
6.1451224155313
45.9056396
6.1451224155313
45.9056296
6.1451224155313
45.9056196
6.1451224155313
45.9056096
6.1451224155313
45.9055996
6.1451224155313
45.9055896
6.1451224155313
45.9055796
6.1451224155313
45.9055696
6.1451224155313
45.9055596
6.1451224155313
45.9055496
6.1451224155313
45.9055396
6.1451224155313
45.9055296
6.1451224155313
45.9055196
6.1451224155313
45.9055096
6.1451224155313
45.9054996
6.1451224155313
45.9054896
6.1451224155313
45.9054796
6.1451224155313
45.9054696
6.1451224155313
45.9054596
6.1451224155313
45.9054496
6.1451224155313
45.9054396
6.1451224155313
45.9054296
6.1451224155313
45.9054196
6.1451224155313
45.9054096
6.1451224155313
45.9053996
6.1451224155313
45.9053896
6.1451224155313
45.9053796
6.1451224155313
45.9053696
6.1451224155313
45.9053596
6.1451224155313
45.9053496
6.1451224155313
45.9053396
6.1451224155313
45.9053396
6.1451124155313
45.9053396
6.1451024155314
45.9053396
6.1450924155314
45.9053396
6.1450824155314
45.9053396
6.1450724155314
45.9053396
6.1450624155314
45.9053396
6.1450524155314
45.9053396
6.1450424155314
45.9053396
6.1450324155314
45.9053396
6.1450224155314
45.9053396
6.1450190217439
45.9053396
6.1450190217439
45.9053496
6.1450190217439
45.9053596
6.1450190217439
45.9053696
6.1450190217439
45.9053796
6.1450190217439
45.9053896
6.1450190217439
45.9053996
6.1450190217439
45.9054096
6.1450190217439
45.9054196
6.1450190217439
45.9054296
6.1450190217439
45.9054396
6.1450190217439
45.9054496
6.1450190217439
45.9054596
6.1450190217439
45.9054696
6.1450190217439
45.9054796
6.1450190217439
45.9054896
6.1450190217439
45.9054996
6.1450190217439
45.9055096
6.1450190217439
45.9055196
6.1450190217439
45.9055296
6.1450190217439
45.9055396
6.1450190217439
45.9055496
6.1450190217439
45.9055596
6.1450190217439
45.9055696
6.1450190217439
45.9055796
6.1450190217439
45.9055896
6.1450190217439
45.9055996
6.1450190217439
45.9056096
6.1450190217439
45.9056196
6.1450190217439
45.9056296
6.1450190217439
45.9056396
6.1450190217439
45.9056496
6.1450190217439
45.9056596
6.1450190217439
45.9056696
6.1450190217439
45.9056796
6.1450190217439
45.9056896
6.1450190217439
45.9056996
6.1450190217439
45.9057096
6.1450190217439
45.9057196
6.1450190217439
45.9057296
6.1450190217439
45.9057396
6.1450190217439
45.9057396
6.1450190217439
45.9057496
6.1450190217439
45.9057496
6.1450090217439
45.9057496
6.1449990217439
45.9057496
6.1449890217439
45.9057496
6.1449790217439
45.9057496
6.1449690217439
45.9057496
6.1449590217439
45.9057496
6.1449490217439
45.9057496
6.1449390217439
45.9057496
6.1449290217439
45.9057496
6.1449190217439
45.9057496
6.1449156279565
45.9057396
6.1449156279565
45.9057296
6.1449156279565
45.9057196
6.1449156279565
45.9057096
6.1449156279565
45.9056996
6.1449156279565
45.9056896
6.1449156279565
45.9056796
6.1449156279565
45.9056696
6.1449156279565
45.9056596
6.1449156279565
45.9056496
6.1449156279565
45.9056396
6.1449156279565
45.9056296
6.1449156279565
45.9056196
6.1449156279565
45.9056096
6.1449156279565
45.9055996
6.1449156279565
45.9055896
6.1449156279565
45.9055796
6.1449156279565
45.9055696
6.1449156279565
45.9055596
6.1449156279565
45.9055496
6.1449156279565
45.9055396
6.1449156279565
45.9055296
6.1449156279565
45.9055196
6.1449156279565
45.9055096
6.1449156279565
45.9054996
6.1449156279565
45.9054896
6.1449156279565
45.9054796
6.1449156279565
45.9054696
6.1449156279565
45.9054596
6.1449156279565
45.9054496
6.1449156279565
45.9054396
6.1449156279565
45.9054296
6.1449156279565
45.9054196
6.1449156279565
45.9054096
6.1449156279565
45.9053996
6.1449156279565
45.9053896
6.1449156279565
45.9053796
6.1449156279565
45.9053696
6.1449156279565
45.9053596
6.1449156279565
45.9053496
6.1449156279565
