520.91833496094
45.91946
6.157799600000089
45.91946
6.157799600000089
45.91945
6.157799600000089
45.91944
6.157799600000089
45.91943
6.157799600000089
45.91942
6.157799600000089
45.91941
6.157799600000089
45.9194
6.157799600000089
45.91939
6.157799600000089
45.91938
6.157799600000089
45.91937
6.157799600000089
45.91936
6.157799600000089
45.91935
6.157799600000089
45.91934
6.157799600000089
45.91933
6.157799600000089
45.91932
6.157799600000089
45.91931
6.157799600000089
45.9193
6.157799600000089
45.91929
6.157799600000089
45.91928
6.157799600000089
45.91927
6.157799600000089
45.91926
6.157799600000089
45.91925
6.157799600000089
45.91924
6.157799600000089
45.91923
6.157799600000089
45.91922
6.157799600000089
45.91921
6.157799600000089
45.9192
6.157799600000089
45.91919
6.157799600000089
45.91918
6.157799600000089
45.91917
6.157799600000089
45.91916
6.157799600000089
45.91915
6.157799600000089
45.91914
6.157799600000089
45.91913
6.157799600000089
45.91912
6.157799600000089
45.91911
6.157799600000089
45.9191
6.157799600000089
45.91909
6.157799600000089
45.91908
6.157799600000089
45.91907
6.157799600000089
45.91946
6.1578254548944
45.91945
6.1578254548944
45.91944
6.1578254548944
45.91943
6.1578254548944
45.91942
6.1578254548944
45.91941
6.1578254548944
45.9194
6.1578254548944
45.91939
6.1578254548944
45.91938
6.1578254548944
45.91937
6.1578254548944
45.91936
6.1578254548944
45.91935
6.1578254548944
45.91934
6.1578254548944
45.91933
6.1578254548944
45.91932
6.1578254548944
45.91931
6.1578254548944
45.9193
6.1578254548944
45.91929
6.1578254548944
45.91928
6.1578254548944
45.91927
6.1578254548944
45.91926
6.1578254548944
45.91925
6.1578254548944
45.91924
6.1578254548944
45.91923
6.1578254548944
45.91922
6.1578254548944
45.91921
6.1578254548944
45.9192
6.1578254548944
45.91919
6.1578254548944
45.91918
6.1578254548944
45.91917
6.1578254548944
45.91916
6.1578254548944
45.91915
6.1578254548944
45.91914
6.1578254548944
45.91913
6.1578254548944
45.91912
6.1578254548944
45.91911
6.1578254548944
45.9191
6.1578254548944
45.91909
6.1578254548944
45.91908
6.1578254548944
45.91907
6.1578254548944
45.91946
6.1578513097887
45.91945
6.1578513097887
45.91944
6.1578513097887
45.91943
6.1578513097887
45.91942
6.1578513097887
45.91941
6.1578513097887
45.9194
6.1578513097887
45.91939
6.1578513097887
45.91938
6.1578513097887
45.91937
6.1578513097887
45.91936
6.1578513097887
45.91935
6.1578513097887
45.91934
6.1578513097887
45.91933
6.1578513097887
45.91932
6.1578513097887
45.91931
6.1578513097887
45.9193
6.1578513097887
45.91929
6.1578513097887
45.91928
6.1578513097887
45.91927
6.1578513097887
45.91926
6.1578513097887
45.91925
6.1578513097887
45.91924
6.1578513097887
45.91923
6.1578513097887
45.91922
6.1578513097887
45.91921
6.1578513097887
45.9192
6.1578513097887
45.91919
6.1578513097887
45.91918
6.1578513097887
45.91917
6.1578513097887
45.91916
6.1578513097887
45.91915
6.1578513097887
45.91914
6.1578513097887
45.91913
6.1578513097887
45.91912
6.1578513097887
45.91911
6.1578513097887
45.9191
6.1578513097887
45.91909
6.1578513097887
45.91908
6.1578513097887
45.91907
6.1578513097887
45.91946
6.157877164683
45.91945
6.157877164683
45.91944
6.157877164683
45.91943
6.157877164683
45.91942
6.157877164683
45.91941
6.157877164683
45.9194
6.157877164683
45.91939
6.157877164683
45.91938
6.157877164683
45.91937
6.157877164683
45.91936
6.157877164683
45.91935
6.157877164683
45.91934
6.157877164683
45.91933
6.157877164683
45.91932
6.157877164683
45.91931
6.157877164683
45.9193
6.157877164683
45.91929
6.157877164683
45.91928
6.157877164683
45.91927
6.157877164683
45.91926
6.157877164683
45.91925
6.157877164683
45.91924
6.157877164683
45.91923
6.157877164683
45.91922
6.157877164683
45.91921
6.157877164683
45.9192
6.157877164683
45.91919
6.157877164683
45.91918
6.157877164683
45.91917
6.157877164683
45.91916
6.157877164683
45.91915
6.157877164683
45.91914
6.157877164683
45.91913
6.157877164683
45.91912
6.157877164683
45.91911
6.157877164683
45.9191
6.157877164683
45.91909
6.157877164683
45.91908
6.157877164683
45.91907
6.157877164683
45.91946
6.1579030195773
45.91945
6.1579030195773
45.91944
6.1579030195773
45.91943
6.1579030195773
45.91942
6.1579030195773
45.91941
6.1579030195773
45.9194
6.1579030195773
45.91939
6.1579030195773
45.91938
6.1579030195773
45.91937
6.1579030195773
45.91936
6.1579030195773
45.91935
6.1579030195773
45.91934
6.1579030195773
45.91933
6.1579030195773
45.91932
6.1579030195773
45.91931
6.1579030195773
45.9193
6.1579030195773
45.91929
6.1579030195773
45.91928
6.1579030195773
45.91927
6.1579030195773
45.91926
6.1579030195773
45.91925
6.1579030195773
45.91924
6.1579030195773
45.91923
6.1579030195773
45.91922
6.1579030195773
45.91921
6.1579030195773
45.9192
6.1579030195773
45.91919
6.1579030195773
45.91918
6.1579030195773
45.91917
6.1579030195773
45.91916
6.1579030195773
45.91915
6.1579030195773
45.91914
6.1579030195773
45.91913
6.1579030195773
45.91912
6.1579030195773
45.91911
6.1579030195773
45.9191
6.1579030195773
45.91909
6.1579030195773
45.91908
6.1579030195773
45.91907
6.1579030195773
45.91946
6.1579288744716
45.91945
6.1579288744716
45.91944
6.1579288744716
45.91943
6.1579288744716
45.91942
6.1579288744716
45.91941
6.1579288744716
45.9194
6.1579288744716
45.91939
6.1579288744716
45.91938
6.1579288744716
45.91937
6.1579288744716
45.91936
6.1579288744716
45.91935
6.1579288744716
45.91934
6.1579288744716
45.91933
6.1579288744716
45.91932
6.1579288744716
45.91931
6.1579288744716
45.9193
6.1579288744716
45.91929
6.1579288744716
45.91928
6.1579288744716
45.91927
6.1579288744716
45.91926
6.1579288744716
45.91925
6.1579288744716
45.91924
6.1579288744716
45.91923
6.1579288744716
45.91922
6.1579288744716
45.91921
6.1579288744716
45.9192
6.1579288744716
45.91919
6.1579288744716
45.91918
6.1579288744716
45.91917
6.1579288744716
45.91916
6.1579288744716
45.91915
6.1579288744716
45.91914
6.1579288744716
45.91913
6.1579288744716
45.91912
6.1579288744716
45.91911
6.1579288744716
45.9191
6.1579288744716
45.91909
6.1579288744716
45.91908
6.1579288744716
45.91907
6.1579288744716
45.91946
6.1579547293659
45.91945
6.1579547293659
45.91944
6.1579547293659
45.91943
6.1579547293659
45.91942
6.1579547293659
45.91941
6.1579547293659
45.9194
6.1579547293659
45.91939
6.1579547293659
45.91938
6.1579547293659
45.91937
6.1579547293659
45.91936
6.1579547293659
45.91935
6.1579547293659
45.91934
6.1579547293659
45.91933
6.1579547293659
45.91932
6.1579547293659
45.91931
6.1579547293659
45.9193
6.1579547293659
45.91929
6.1579547293659
45.91928
6.1579547293659
45.91927
6.1579547293659
45.91926
6.1579547293659
45.91925
6.1579547293659
45.91924
6.1579547293659
45.91923
6.1579547293659
45.91922
6.1579547293659
45.91921
6.1579547293659
45.9192
6.1579547293659
45.91919
6.1579547293659
45.91918
6.1579547293659
45.91917
6.1579547293659
45.91916
6.1579547293659
45.91915
6.1579547293659
45.91914
6.1579547293659
45.91913
6.1579547293659
45.91912
6.1579547293659
45.91911
6.1579547293659
45.9191
6.1579547293659
45.91909
6.1579547293659
45.91908
6.1579547293659
45.91907
6.1579547293659
45.91946
6.1579805842602
45.91945
6.1579805842602
45.91944
6.1579805842602
45.91943
6.1579805842602
45.91942
6.1579805842602
45.91941
6.1579805842602
45.9194
6.1579805842602
45.91939
6.1579805842602
45.91938
6.1579805842602
45.91937
6.1579805842602
45.91936
6.1579805842602
45.91935
6.1579805842602
45.91934
6.1579805842602
45.91933
6.1579805842602
45.91932
6.1579805842602
45.91931
6.1579805842602
45.9193
6.1579805842602
45.91929
6.1579805842602
45.91928
6.1579805842602
45.91927
6.1579805842602
45.91926
6.1579805842602
45.91925
6.1579805842602
45.91924
6.1579805842602
45.91923
6.1579805842602
45.91922
6.1579805842602
45.91921
6.1579805842602
45.9192
6.1579805842602
45.91919
6.1579805842602
45.91918
6.1579805842602
45.91917
6.1579805842602
45.91916
6.1579805842602
45.91915
6.1579805842602
45.91914
6.1579805842602
45.91913
6.1579805842602
45.91912
6.1579805842602
45.91911
6.1579805842602
45.9191
6.1579805842602
45.91909
6.1579805842602
45.91908
6.1579805842602
45.91907
6.1579805842602
45.91946
6.1580064391545
45.91945
6.1580064391545
45.91944
6.1580064391545
45.91943
6.1580064391545
45.91942
6.1580064391545
45.91941
6.1580064391545
45.9194
6.1580064391545
45.91939
6.1580064391545
45.91938
6.1580064391545
45.91937
6.1580064391545
45.91936
6.1580064391545
45.91935
6.1580064391545
45.91934
6.1580064391545
45.91933
6.1580064391545
45.91932
6.1580064391545
45.91931
6.1580064391545
45.9193
6.1580064391545
45.91929
6.1580064391545
45.91928
6.1580064391545
45.91927
6.1580064391545
45.91926
6.1580064391545
45.91925
6.1580064391545
45.91924
6.1580064391545
45.91923
6.1580064391545
45.91922
6.1580064391545
45.91921
6.1580064391545
45.9192
6.1580064391545
45.91919
6.1580064391545
45.91918
6.1580064391545
45.91917
6.1580064391545
45.91916
6.1580064391545
45.91915
6.1580064391545
45.91914
6.1580064391545
45.91913
6.1580064391545
45.91912
6.1580064391545
45.91911
6.1580064391545
45.9191
6.1580064391545
45.91909
6.1580064391545
45.91908
6.1580064391545
45.91907
6.1580064391545
45.91946
6.1580322940488
45.91945
6.1580322940488
45.91944
6.1580322940488
45.91943
6.1580322940488
45.91942
6.1580322940488
45.91941
6.1580322940488
45.9194
6.1580322940488
45.91939
6.1580322940488
45.91938
6.1580322940488
45.91937
6.1580322940488
45.91936
6.1580322940488
45.91935
6.1580322940488
45.91934
6.1580322940488
45.91933
6.1580322940488
45.91932
6.1580322940488
45.91931
6.1580322940488
45.9193
6.1580322940488
45.91929
6.1580322940488
45.91928
6.1580322940488
45.91927
6.1580322940488
45.91926
6.1580322940488
45.91925
6.1580322940488
45.91924
6.1580322940488
45.91923
6.1580322940488
45.91922
6.1580322940488
45.91921
6.1580322940488
45.9192
6.1580322940488
45.91919
6.1580322940488
45.91918
6.1580322940488
45.91917
6.1580322940488
45.91916
6.1580322940488
45.91915
6.1580322940488
45.91914
6.1580322940488
45.91913
6.1580322940488
45.91912
6.1580322940488
45.91911
6.1580322940488
45.9191
6.1580322940488
45.91909
6.1580322940488
45.91908
6.1580322940488
45.91907
6.1580322940488
45.91946
6.1580581489431
45.91945
6.1580581489431
45.91944
6.1580581489431
45.91943
6.1580581489431
45.91942
6.1580581489431
45.91941
6.1580581489431
45.9194
6.1580581489431
45.91939
6.1580581489431
45.91938
6.1580581489431
45.91937
6.1580581489431
45.91936
6.1580581489431
45.91935
6.1580581489431
45.91934
6.1580581489431
45.91933
6.1580581489431
45.91932
6.1580581489431
45.91931
6.1580581489431
45.9193
6.1580581489431
45.91929
6.1580581489431
45.91928
6.1580581489431
45.91927
6.1580581489431
45.91926
6.1580581489431
45.91925
6.1580581489431
45.91924
6.1580581489431
45.91923
6.1580581489431
45.91922
6.1580581489431
45.91921
6.1580581489431
45.9192
6.1580581489431
45.91919
6.1580581489431
45.91918
6.1580581489431
45.91917
6.1580581489431
45.91916
6.1580581489431
45.91915
6.1580581489431
45.91914
6.1580581489431
45.91913
6.1580581489431
45.91912
6.1580581489431
45.91911
6.1580581489431
45.9191
6.1580581489431
45.91909
6.1580581489431
45.91908
6.1580581489431
45.91907
6.1580581489431
45.91946
6.1580840038374
45.91945
6.1580840038374
45.91944
6.1580840038374
45.91943
6.1580840038374
45.91942
6.1580840038374
45.91941
6.1580840038374
45.9194
6.1580840038374
45.91939
6.1580840038374
45.91938
6.1580840038374
45.91937
6.1580840038374
45.91936
6.1580840038374
45.91935
6.1580840038374
45.91934
6.1580840038374
45.91933
6.1580840038374
45.91932
6.1580840038374
45.91931
6.1580840038374
45.9193
6.1580840038374
45.91929
6.1580840038374
45.91928
6.1580840038374
45.91927
6.1580840038374
45.91926
6.1580840038374
45.91925
6.1580840038374
45.91924
6.1580840038374
45.91923
6.1580840038374
45.91922
6.1580840038374
45.91921
6.1580840038374
45.9192
6.1580840038374
45.91919
6.1580840038374
45.91918
6.1580840038374
45.91917
6.1580840038374
45.91916
6.1580840038374
45.91915
6.1580840038374
45.91914
6.1580840038374
45.91913
6.1580840038374
45.91912
6.1580840038374
45.91911
6.1580840038374
45.9191
6.1580840038374
45.91909
6.1580840038374
45.91908
6.1580840038374
45.91907
6.1580840038374
45.91946
6.1581098587317
45.91945
6.1581098587317
45.91944
6.1581098587317
45.91943
6.1581098587317
45.91942
6.1581098587317
45.91941
6.1581098587317
45.9194
6.1581098587317
45.91939
6.1581098587317
45.91938
6.1581098587317
45.91937
6.1581098587317
45.91936
6.1581098587317
45.91935
6.1581098587317
45.91934
6.1581098587317
45.91933
6.1581098587317
45.91932
6.1581098587317
45.91931
6.1581098587317
45.9193
6.1581098587317
45.91929
6.1581098587317
45.91928
6.1581098587317
45.91927
6.1581098587317
45.91926
6.1581098587317
45.91925
6.1581098587317
45.91924
6.1581098587317
45.91923
6.1581098587317
45.91922
6.1581098587317
45.91921
6.1581098587317
45.9192
6.1581098587317
45.91919
6.1581098587317
45.91918
6.1581098587317
45.91917
6.1581098587317
45.91916
6.1581098587317
45.91915
6.1581098587317
45.91914
6.1581098587317
45.91913
6.1581098587317
45.91912
6.1581098587317
45.91911
6.1581098587317
45.9191
6.1581098587317
45.91909
6.1581098587317
45.91908
6.1581098587317
45.91907
6.1581098587317
45.91946
6.158135713626
45.91945
6.158135713626
45.91944
6.158135713626
45.91943
6.158135713626
45.91942
6.158135713626
45.91941
6.158135713626
45.9194
6.158135713626
45.91939
6.158135713626
45.91938
6.158135713626
45.91937
6.158135713626
45.91936
6.158135713626
45.91935
6.158135713626
45.91934
6.158135713626
45.91933
6.158135713626
45.91932
6.158135713626
45.91931
6.158135713626
45.9193
6.158135713626
45.91929
6.158135713626
45.91928
6.158135713626
45.91927
6.158135713626
45.91926
6.158135713626
45.91925
6.158135713626
45.91924
6.158135713626
45.91923
6.158135713626
45.91922
6.158135713626
45.91921
6.158135713626
45.9192
6.158135713626
45.91919
6.158135713626
45.91918
6.158135713626
45.91917
6.158135713626
45.91916
6.158135713626
45.91915
6.158135713626
45.91914
6.158135713626
45.91913
6.158135713626
45.91912
6.158135713626
45.91911
6.158135713626
45.9191
6.158135713626
45.91909
6.158135713626
45.91908
6.158135713626
45.91907
6.158135713626
45.91946
6.1581615685203
45.91945
6.1581615685203
45.91944
6.1581615685203
45.91943
6.1581615685203
45.91942
6.1581615685203
45.91941
6.1581615685203
45.9194
6.1581615685203
45.91939
6.1581615685203
45.91938
6.1581615685203
45.91937
6.1581615685203
45.91936
6.1581615685203
45.91935
6.1581615685203
45.91934
6.1581615685203
45.91933
6.1581615685203
45.91932
6.1581615685203
45.91931
6.1581615685203
45.9193
6.1581615685203
45.91929
6.1581615685203
45.91928
6.1581615685203
45.91927
6.1581615685203
45.91926
6.1581615685203
45.91925
6.1581615685203
45.91924
6.1581615685203
45.91923
6.1581615685203
45.91922
6.1581615685203
45.91921
6.1581615685203
45.9192
6.1581615685203
45.91919
6.1581615685203
45.91918
6.1581615685203
45.91917
6.1581615685203
45.91916
6.1581615685203
45.91915
6.1581615685203
45.91914
6.1581615685203
45.91913
6.1581615685203
45.91912
6.1581615685203
45.91911
6.1581615685203
45.9191
6.1581615685203
45.91909
6.1581615685203
45.91908
6.1581615685203
45.91907
6.1581615685203
45.91946
6.1581874234146
45.91945
6.1581874234146
45.91944
6.1581874234146
45.91943
6.1581874234146
45.91942
6.1581874234146
45.91941
6.1581874234146
45.9194
6.1581874234146
45.91939
6.1581874234146
45.91938
6.1581874234146
45.91937
6.1581874234146
45.91936
6.1581874234146
45.91935
6.1581874234146
45.91934
6.1581874234146
45.91933
6.1581874234146
45.91932
6.1581874234146
45.91931
6.1581874234146
45.9193
6.1581874234146
45.91929
6.1581874234146
45.91928
6.1581874234146
45.91927
6.1581874234146
45.91926
6.1581874234146
45.91925
6.1581874234146
45.91924
6.1581874234146
45.91923
6.1581874234146
45.91922
6.1581874234146
45.91921
6.1581874234146
45.9192
6.1581874234146
45.91919
6.1581874234146
45.91918
6.1581874234146
45.91917
6.1581874234146
45.91916
6.1581874234146
45.91915
6.1581874234146
45.91914
6.1581874234146
45.91913
6.1581874234146
45.91912
6.1581874234146
45.91911
6.1581874234146
45.9191
6.1581874234146
45.91909
6.1581874234146
45.91908
6.1581874234146
45.91907
6.1581874234146
