528.07916259766
45.91946
6.157799600000089
45.91946
6.15892916085204
45.919459
6.15892916085204
45.919458
6.15892916085204
45.919457
6.15892916085204
45.919456
6.15892916085204
45.919455
6.15892916085204
45.919454
6.15892916085204
45.919453
6.15892916085204
45.919452
6.15892916085204
45.919451
6.15892916085204
45.91945
6.15892916085204
45.919449
6.15892916085204
45.919448
6.15892916085204
45.919447
6.15892916085204
45.919446
6.15892916085204
45.919445
6.15892916085204
45.919444
6.15892916085204
45.919443
6.15892916085204
45.919442
6.15892916085204
45.919441
6.15892916085204
45.91944
6.15892916085204
45.919439
6.15892916085204
45.919438
6.15892916085204
45.919437
6.15892916085204
45.919436
6.15892916085204
45.919435
6.15892916085204
45.919434
6.15892916085204
45.919433
6.15892916085204
45.919432
6.15892916085204
45.919431
6.15892916085204
45.91943
6.15892916085204
45.919429
6.15892916085204
45.919428
6.15892916085204
45.919427
6.15892916085204
45.919426
6.15892916085204
45.919425
6.15892916085204
45.919424
6.15892916085204
45.919423
6.15892916085204
45.919422
6.15892916085204
45.919421
6.15892916085204
45.91942
6.15892916085204
45.919419
6.15892916085204
45.919418
6.15892916085204
45.919417
6.15892916085204
45.919416
6.15892916085204
45.919415
6.15892916085204
45.919414
6.15892916085204
45.919413
6.15892916085204
45.919412
6.15892916085204
45.919411
6.15892916085204
45.91941
6.15892916085204
45.919409
6.15892916085204
45.919408
6.15892916085204
45.919407
6.15892916085204
45.919406
6.15892916085204
45.919405
6.15892916085204
45.919404
6.15892916085204
45.919403
6.15892916085204
45.919402
6.15892916085204
45.919401
6.15892916085204
45.9194
6.15892916085204
45.919399
6.15892916085204
45.919398
6.15892916085204
45.919397
6.15892916085204
45.919396
6.15892916085204
45.919395
6.15892916085204
45.919394
6.15892916085204
45.919393
6.15892916085204
45.919392
6.15892916085204
45.919391
6.15892916085204
45.91939
6.15892916085204
45.919389
6.15892916085204
45.919388
6.15892916085204
45.919387
6.15892916085204
45.919386
6.15892916085204
45.919385
6.15892916085204
45.919384
6.15892916085204
45.919383
6.15892916085204
45.919382
6.15892916085204
45.919381
6.15892916085204
45.91938
6.15892916085204
45.919379
6.15892916085204
45.919378
6.15892916085204
45.919377
6.15892916085204
45.919376
6.15892916085204
45.919375
6.15892916085204
45.919374
6.15892916085204
45.919373
6.15892916085204
45.919372
6.15892916085204
45.919371
6.15892916085204
45.91937
6.15892916085204
45.919369
6.15892916085204
45.919368
6.15892916085204
45.919367
6.15892916085204
45.919366
6.15892916085204
45.919365
6.15892916085204
45.919364
6.15892916085204
45.919363
6.15892916085204
45.919362
6.15892916085204
45.919361
6.15892916085204
45.91936
6.15892916085204
45.919359
6.15892916085204
45.919358
6.15892916085204
45.919357
6.15892916085204
45.919356
6.15892916085204
45.919355
6.15892916085204
45.919354
6.15892916085204
45.919353
6.15892916085204
45.919352
6.15892916085204
45.919351
6.15892916085204
45.91935
6.15892916085204
45.919349
6.15892916085204
45.919348
6.15892916085204
45.919347
6.15892916085204
45.919346
6.15892916085204
45.919345
6.15892916085204
45.919344
6.15892916085204
45.919343
6.15892916085204
45.919342
6.15892916085204
45.919341
6.15892916085204
45.91934
6.15892916085204
45.919339
6.15892916085204
45.919338
6.15892916085204
45.919337
6.15892916085204
45.919336
6.15892916085204
45.919335
6.15892916085204
45.919334
6.15892916085204
45.919333020195
6.15892916085204
45.919333020195
6.15892916085204
45.919332020195
6.15892916085204
45.919331020195
6.15892916085204
45.919330020195
6.15892916085204
45.919329020195
6.15892916085204
45.919328020195
6.15892916085204
45.919327020195
6.15892916085204
45.919326020195
6.15892916085204
45.919325020195
6.15892916085204
45.919324020195
6.15892916085204
45.919323020195
6.15892916085204
45.919322020195
6.15892916085204
45.919321020195
6.15892916085204
45.919320020195
6.15892916085204
45.919319020195
6.15892916085204
45.919318020195
6.15892916085204
45.919317020195
6.15892916085204
45.919316020195
6.15892916085204
45.919315020195
6.15892916085204
45.919314020195
6.15892916085204
45.919313020195
6.15892916085204
45.919312020195
6.15892916085204
45.919311020195
6.15892916085204
45.919310020195
6.15892916085204
45.919309020195
6.15892916085204
45.919308020195
6.15892916085204
45.919307020195
6.15892916085204
45.919306020195
6.15892916085204
45.919305020195
6.15892916085204
45.919304020195
6.15892916085204
45.919303020195
6.15892916085204
45.919302020195
6.15892916085204
45.919301020195
6.15892916085204
45.919300020195
6.15892916085204
45.919299020195
6.15892916085204
45.919298020195
6.15892916085204
45.919297020195
6.15892916085204
45.919296020195
6.15892916085204
45.919295020195
6.15892916085204
45.919294020195
6.15892916085204
45.919293020195
6.15892916085204
45.919292020195
6.15892916085204
45.919291020195
6.15892916085204
45.919290020195
6.15892916085204
45.919289020195
6.15892916085204
45.919288020195
6.15892916085204
45.919287020195
6.15892916085204
45.919286020195
6.15892916085204
45.919285020195
6.15892916085204
45.919284020195
6.15892916085204
45.919283020195
6.15892916085204
45.919282020195
6.15892916085204
45.919281020195
6.15892916085204
45.919280020195
6.15892916085204
45.919279020195
6.15892916085204
45.919278020195
6.15892916085204
45.919277020195
6.15892916085204
45.919276020195
6.15892916085204
45.919275020195
6.15892916085204
45.919274020195
6.15892916085204
45.919273020195
6.15892916085204
45.919272020195
6.15892916085204
45.919271020195
6.15892916085204
45.919270020195
6.15892916085204
45.919269020195
6.15892916085204
45.919268020195
6.15892916085204
45.919267020195
6.15892916085204
45.919266020195
6.15892916085204
45.919265020195
6.15892916085204
45.919264020195
6.15892916085204
45.919263020195
6.15892916085204
45.919262020195
6.15892916085204
45.919261020195
6.15892916085204
45.919260020195
6.15892916085204
45.919259020195
6.15892916085204
45.919258020195
6.15892916085204
45.919257020195
6.15892916085204
45.919256020195
6.15892916085204
45.919255020195
6.15892916085204
45.919254020195
6.15892916085204
45.919253020195
6.15892916085204
45.919252020195
6.15892916085204
45.919251020195
6.15892916085204
45.919250020195
6.15892916085204
45.919249020195
6.15892916085204
45.919248020195
6.15892916085204
45.919247020195
6.15892916085204
45.919246020195
6.15892916085204
45.919245020195
6.15892916085204
45.919244020195
6.15892916085204
45.919243020195
6.15892916085204
45.919242020195
6.15892916085204
45.919241020195
6.15892916085204
45.919240020195
6.15892916085204
45.919239020195
6.15892916085204
45.919238020195
6.15892916085204
45.919237020195
6.15892916085204
45.919236020195
6.15892916085204
45.919235020195
6.15892916085204
45.919234020195
6.15892916085204
45.919233020195
6.15892916085204
45.919232020195
6.15892916085204
45.919231020195
6.15892916085204
45.919230020195
6.15892916085204
45.919229020195
6.15892916085204
45.919228020195
6.15892916085204
45.919227020195
6.15892916085204
45.919226020195
6.15892916085204
45.919225020195
6.15892916085204
45.919224020195
6.15892916085204
45.919223020195
6.15892916085204
45.919222020195
6.15892916085204
45.919221020195
6.15892916085204
45.919220020195
6.15892916085204
45.919219020195
6.15892916085204
45.919218020195
6.15892916085204
45.919217020195
6.15892916085204
45.919216020195
6.15892916085204
45.919215020195
6.15892916085204
45.919214020195
6.15892916085204
45.919213020195
6.15892916085204
45.919212020195
6.15892916085204
45.919211020195
6.15892916085204
45.919210020195
6.15892916085204
45.919209020195
6.15892916085204
45.919208020195
6.15892916085204
45.919207020195
6.15892916085204
