529.52093505859
45.91957568749378
6.15690642439813
45.91957568749378
6.159057906884755
45.919574687494
6.159057906884755
45.919573687494
6.159057906884755
45.919572687494
6.159057906884755
45.919571687494
6.159057906884755
45.919570687494
6.159057906884755
45.919569687494
6.159057906884755
45.919568687494
6.159057906884755
45.919567687494
6.159057906884755
45.919566687494
6.159057906884755
45.919565687494
6.159057906884755
45.919564687494
6.159057906884755
45.919563687494
6.159057906884755
45.919562687494
6.159057906884755
45.919561687494
6.159057906884755
45.919560687494
6.159057906884755
45.919559687494
6.159057906884755
45.919558687494
6.159057906884755
45.919557687494
6.159057906884755
45.919556687494
6.159057906884755
45.919555687494
6.159057906884755
45.919554687494
6.159057906884755
45.919553687494
6.159057906884755
45.919552687494
6.159057906884755
45.919551687494
6.159057906884755
45.919550687494
6.159057906884755
45.919549687494
6.159057906884755
45.919548687494
6.159057906884755
45.919547687494
6.159057906884755
45.919546687494
6.159057906884755
45.919545687494
6.159057906884755
45.919544687494
6.159057906884755
45.919543687494
6.159057906884755
45.919542687494
6.159057906884755
45.919541687494
6.159057906884755
45.919540687494
6.159057906884755
45.919539687494
6.159057906884755
45.919538687494
6.159057906884755
45.919537687494
6.159057906884755
45.919536687494
6.159057906884755
45.919535687494
6.159057906884755
45.919534687494
6.159057906884755
45.919533687494
6.159057906884755
45.919532687494
6.159057906884755
45.919531687494
6.159057906884755
45.919530687494
6.159057906884755
45.919529687494
6.159057906884755
45.919528687494
6.159057906884755
45.919527687494
6.159057906884755
45.919526687494
6.159057906884755
45.919525687494
6.159057906884755
45.919524687494
6.159057906884755
45.919523687494
6.159057906884755
45.919522687494
6.159057906884755
45.919521687494
6.159057906884755
45.919520687494
6.159057906884755
45.919519687494
6.159057906884755
45.919518687494
6.159057906884755
45.919517687494
6.159057906884755
45.919516687494
6.159057906884755
45.919515687494
6.159057906884755
45.919514687494
6.159057906884755
45.919513687494
6.159057906884755
45.919512687494
6.159057906884755
45.919511687494
6.159057906884755
45.919510687494
6.159057906884755
45.919509687494
6.159057906884755
45.919508687494
6.159057906884755
45.919507687494
6.159057906884755
45.919506687494
6.159057906884755
45.919505687494
6.159057906884755
45.919504687494
6.159057906884755
45.919503687494
6.159057906884755
45.919502687494
6.159057906884755
45.919501687494
6.159057906884755
45.919500687494
6.159057906884755
45.919499687494
6.159057906884755
45.919498687494
6.159057906884755
45.919497687494
6.159057906884755
45.919496687494
6.159057906884755
45.919495687494
6.159057906884755
45.919494687494
6.159057906884755
45.919493687494
6.159057906884755
45.919492687494
6.159057906884755
45.919491687494
6.159057906884755
45.919490687494
6.159057906884755
45.919489687494
6.159057906884755
45.919488687494
6.159057906884755
45.919487687494
6.159057906884755
45.919486687494
6.159057906884755
45.919485687494
6.159057906884755
45.919484687494
6.159057906884755
45.919483687494
6.159057906884755
45.919482687494
6.159057906884755
45.919481687494
6.159057906884755
45.919480687494
6.159057906884755
45.919479687494
6.159057906884755
45.919478843859
6.159057906884755
45.919478843859
6.159057906884755
45.919477843859
6.159057906884755
45.919476843859
6.159057906884755
45.919475843859
6.159057906884755
45.919474843859
6.159057906884755
45.919473843859
6.159057906884755
45.919472843859
6.159057906884755
45.919471843859
6.159057906884755
45.919470843859
6.159057906884755
45.919469843859
6.159057906884755
45.919468843859
6.159057906884755
45.919467843859
6.159057906884755
45.919466843859
6.159057906884755
45.919465843859
6.159057906884755
45.919464843859
6.159057906884755
45.919463843859
6.159057906884755
45.919462843859
6.159057906884755
45.919461843859
6.159057906884755
45.919460843859
6.159057906884755
45.919459843859
6.159057906884755
45.919458843859
6.159057906884755
45.919457843859
6.159057906884755
45.919456843859
6.159057906884755
45.919455843859
6.159057906884755
45.919454843859
6.159057906884755
45.919453843859
6.159057906884755
45.919452843859
6.159057906884755
45.919451843859
6.159057906884755
45.919450843859
6.159057906884755
45.919449843859
6.159057906884755
45.919448843859
6.159057906884755
45.919447843859
6.159057906884755
45.919446843859
6.159057906884755
45.919445843859
6.159057906884755
45.919444843859
6.159057906884755
45.919443843859
6.159057906884755
45.919442843859
6.159057906884755
45.919441843859
6.159057906884755
45.919440843859
6.159057906884755
45.919439843859
6.159057906884755
45.919438843859
6.159057906884755
45.919437843859
6.159057906884755
45.919436843859
6.159057906884755
45.919435843859
6.159057906884755
45.919434843859
6.159057906884755
45.919433843859
6.159057906884755
45.919432843859
6.159057906884755
45.919431843859
6.159057906884755
45.919430843859
6.159057906884755
45.919429843859
6.159057906884755
45.919428843859
6.159057906884755
45.919427843859
6.159057906884755
45.919426843859
6.159057906884755
45.919425843859
6.159057906884755
45.919424843859
6.159057906884755
45.919423843859
6.159057906884755
45.919422843859
6.159057906884755
45.919421843859
6.159057906884755
45.919420843859
6.159057906884755
45.919419843859
6.159057906884755
45.919418843859
6.159057906884755
45.919417843859
6.159057906884755
45.919416843859
6.159057906884755
45.919415843859
6.159057906884755
45.919414843859
6.159057906884755
45.919413843859
6.159057906884755
45.919412843859
6.159057906884755
45.919411843859
6.159057906884755
45.919410843859
6.159057906884755
45.919409843859
6.159057906884755
45.919408843859
6.159057906884755
45.919407843859
6.159057906884755
45.919406843859
6.159057906884755
45.919405843859
6.159057906884755
45.919404843859
6.159057906884755
45.919403843859
6.159057906884755
45.919402843859
6.159057906884755
45.919401843859
6.159057906884755
45.919400843859
6.159057906884755
45.919399843859
6.159057906884755
45.919398843859
6.159057906884755
45.919397843859
6.159057906884755
45.919396843859
6.159057906884755
45.919395843859
6.159057906884755
45.919394843859
6.159057906884755
45.919393843859
6.159057906884755
45.919392843859
6.159057906884755
45.919391843859
6.159057906884755
45.919390843859
6.159057906884755
45.919389843859
6.159057906884755
45.919388843859
6.159057906884755
45.919387843859
6.159057906884755
45.919386843859
6.159057906884755
45.919385843859
6.159057906884755
45.919384843859
6.159057906884755
45.919383843859
6.159057906884755
45.919382843859
6.159057906884755
45.91918815659
6.159057906884755
45.91918715659
6.159057906884755
45.91918615659
6.159057906884755
45.91918515659
6.159057906884755
45.91918415659
6.159057906884755
45.91918315659
6.159057906884755
45.91918215659
6.159057906884755
45.91918115659
6.159057906884755
45.91918015659
6.159057906884755
45.91917915659
6.159057906884755
45.91917815659
6.159057906884755
45.91917715659
6.159057906884755
45.91917615659
6.159057906884755
45.91917515659
6.159057906884755
45.91917415659
6.159057906884755
45.91917315659
6.159057906884755
45.91917215659
6.159057906884755
45.91917115659
6.159057906884755
45.91917015659
6.159057906884755
45.91916915659
6.159057906884755
45.91916815659
6.159057906884755
45.91916715659
6.159057906884755
45.91916615659
6.159057906884755
45.91916515659
6.159057906884755
45.91916415659
6.159057906884755
45.91916315659
6.159057906884755
45.91916215659
6.159057906884755
45.91916115659
6.159057906884755
45.91916015659
6.159057906884755
45.91915915659
6.159057906884755
45.91915815659
6.159057906884755
45.91915715659
6.159057906884755
45.91915615659
6.159057906884755
45.91915515659
6.159057906884755
45.91915415659
6.159057906884755
45.91915315659
6.159057906884755
45.91915215659
6.159057906884755
45.91915115659
6.159057906884755
45.91915015659
6.159057906884755
45.91914915659
6.159057906884755
45.91914815659
6.159057906884755
45.91914715659
6.159057906884755
45.91914615659
6.159057906884755
45.91914515659
6.159057906884755
45.91914415659
6.159057906884755
45.91914315659
6.159057906884755
45.91914215659
6.159057906884755
45.91914115659
6.159057906884755
45.91914015659
6.159057906884755
45.91913915659
6.159057906884755
45.91913815659
6.159057906884755
45.91913715659
6.159057906884755
45.91913615659
6.159057906884755
45.91913515659
6.159057906884755
45.91913415659
6.159057906884755
45.91913315659
6.159057906884755
45.91913215659
6.159057906884755
45.91913115659
6.159057906884755
45.91913015659
6.159057906884755
45.91912915659
6.159057906884755
45.91912815659
6.159057906884755
45.91912715659
6.159057906884755
45.91912615659
6.159057906884755
45.91912515659
6.159057906884755
45.91912415659
6.159057906884755
45.91912315659
6.159057906884755
45.91912215659
6.159057906884755
45.91912115659
6.159057906884755
45.91912015659
6.159057906884755
45.91911915659
6.159057906884755
45.91911815659
6.159057906884755
45.91911715659
6.159057906884755
45.91911615659
6.159057906884755
45.91911515659
6.159057906884755
45.91911415659
6.159057906884755
45.91911315659
6.159057906884755
45.91911215659
6.159057906884755
45.91911115659
6.159057906884755
45.91911015659
6.159057906884755
45.91910915659
6.159057906884755
45.91910815659
6.159057906884755
45.91910715659
6.159057906884755
45.91910615659
6.159057906884755
45.91910515659
6.159057906884755
45.91910415659
6.159057906884755
45.91910315659
6.159057906884755
45.91910215659
6.159057906884755
45.91910115659
6.159057906884755
45.91910015659
6.159057906884755
45.91909915659
6.159057906884755
45.91909815659
6.159057906884755
45.91909715659
6.159057906884755
45.91909615659
6.159057906884755
45.91909515659
6.159057906884755
45.91909415659
6.159057906884755
45.91909315659
6.159057906884755
45.91909215659
6.159057906884755
45.919091312955
6.159057906884755
45.919091312955
6.159057906884755
45.919090312955
6.159057906884755
45.919089312955
6.159057906884755
45.919088312955
6.159057906884755
45.919087312955
6.159057906884755
45.919086312955
6.159057906884755
45.919085312955
6.159057906884755
45.919084312955
6.159057906884755
45.919083312955
6.159057906884755
45.919082312955
6.159057906884755
45.919081312955
6.159057906884755
45.919080312955
6.159057906884755
45.919079312955
6.159057906884755
45.919078312955
6.159057906884755
45.919077312955
6.159057906884755
45.919076312955
6.159057906884755
45.919075312955
6.159057906884755
45.919074312955
6.159057906884755
45.919073312955
6.159057906884755
45.919072312955
6.159057906884755
45.919071312955
6.159057906884755
45.919070312955
6.159057906884755
45.919069312955
6.159057906884755
45.919068312955
6.159057906884755
45.919067312955
6.159057906884755
45.919066312955
6.159057906884755
45.919065312955
6.159057906884755
45.919064312955
6.159057906884755
45.919063312955
6.159057906884755
45.919062312955
6.159057906884755
45.919061312955
6.159057906884755
45.919060312955
6.159057906884755
45.919059312955
6.159057906884755
45.919058312955
6.159057906884755
45.919057312955
6.159057906884755
45.919056312955
6.159057906884755
45.919055312955
6.159057906884755
45.919054312955
6.159057906884755
45.919053312955
6.159057906884755
45.919052312955
6.159057906884755
45.919051312955
6.159057906884755
45.919050312955
6.159057906884755
45.919049312955
6.159057906884755
45.919048312955
6.159057906884755
45.919047312955
6.159057906884755
45.919046312955
6.159057906884755
45.919045312955
6.159057906884755
45.919044312955
6.159057906884755
45.919043312955
6.159057906884755
45.919042312955
6.159057906884755
45.919041312955
6.159057906884755
45.919040312955
6.159057906884755
45.919039312955
6.159057906884755
45.919038312955
6.159057906884755
45.919037312955
6.159057906884755
45.919036312955
6.159057906884755
45.919035312955
6.159057906884755
45.919034312955
6.159057906884755
45.919033312955
6.159057906884755
45.919032312955
6.159057906884755
45.919031312955
6.159057906884755
45.919030312955
6.159057906884755
45.919029312955
6.159057906884755
45.919028312955
6.159057906884755
45.919027312955
6.159057906884755
45.919026312955
6.159057906884755
45.919025312955
6.159057906884755
45.919024312955
6.159057906884755
45.919023312955
6.159057906884755
45.919022312955
6.159057906884755
45.919021312955
6.159057906884755
45.919020312955
6.159057906884755
45.919019312955
6.159057906884755
45.919018312955
6.159057906884755
45.919017312955
6.159057906884755
45.919016312955
6.159057906884755
45.919015312955
6.159057906884755
45.919014312955
6.159057906884755
45.919013312955
6.159057906884755
45.919012312955
6.159057906884755
45.919011312955
6.159057906884755
45.919010312955
6.159057906884755
45.919009312955
6.159057906884755
45.919008312955
6.159057906884755
45.919007312955
6.159057906884755
45.919006312955
6.159057906884755
45.919005312955
6.159057906884755
45.919004312955
6.159057906884755
45.919003312955
6.159057906884755
45.919002312955
6.159057906884755
45.919001312955
6.159057906884755
45.919000312955
6.159057906884755
45.918999312955
6.159057906884755
45.918998312955
6.159057906884755
45.918997312955
6.159057906884755
45.918996312955
6.159057906884755
45.918995312955
6.159057906884755
45.918800625685
6.159057906884755
45.918799625685
6.159057906884755
45.918798625685
6.159057906884755
45.918797625685
6.159057906884755
45.918796625685
6.159057906884755
45.918795625685
6.159057906884755
45.918794625685
6.159057906884755
45.918793625685
6.159057906884755
45.918792625685
6.159057906884755
45.918791625685
6.159057906884755
45.918790625685
6.159057906884755
45.918789625685
6.159057906884755
45.918788625685
6.159057906884755
45.918787625685
6.159057906884755
45.918786625685
6.159057906884755
45.918785625685
6.159057906884755
45.918784625685
6.159057906884755
45.918783625685
6.159057906884755
45.918782625685
6.159057906884755
45.918781625685
6.159057906884755
45.918780625685
6.159057906884755
45.918779625685
6.159057906884755
45.918778625685
6.159057906884755
45.918777625685
6.159057906884755
45.918776625685
6.159057906884755
45.918775625685
6.159057906884755
45.918774625685
6.159057906884755
45.918773625685
6.159057906884755
45.918772625685
6.159057906884755
45.918771625685
6.159057906884755
45.918770625685
6.159057906884755
45.918769625685
6.159057906884755
45.918768625685
6.159057906884755
45.918767625685
6.159057906884755
45.918766625685
6.159057906884755
45.918765625685
6.159057906884755
45.918764625685
6.159057906884755
45.918763625685
6.159057906884755
45.918762625685
6.159057906884755
45.918761625685
6.159057906884755
45.918760625685
6.159057906884755
45.918759625685
6.159057906884755
45.918758625685
6.159057906884755
45.918757625685
6.159057906884755
45.918756625685
6.159057906884755
45.918755625685
6.159057906884755
45.918754625685
6.159057906884755
45.918753625685
6.159057906884755
45.918752625685
6.159057906884755
45.918751625685
6.159057906884755
45.918750625685
6.159057906884755
45.918749625685
6.159057906884755
45.918748625686
6.159057906884755
45.918747625686
6.159057906884755
45.918746625686
6.159057906884755
45.918745625686
6.159057906884755
45.918744625686
6.159057906884755
45.918743625686
6.159057906884755
45.918742625686
6.159057906884755
45.918741625686
6.159057906884755
45.918740625686
6.159057906884755
45.918739625686
6.159057906884755
45.918738625686
6.159057906884755
45.918737625686
6.159057906884755
45.918736625686
6.159057906884755
45.918735625686
6.159057906884755
45.918734625686
6.159057906884755
45.918733625686
6.159057906884755
45.918732625686
6.159057906884755
45.918731625686
6.159057906884755
45.918730625686
6.159057906884755
45.918729625686
6.159057906884755
45.918728625686
6.159057906884755
45.918727625686
6.159057906884755
45.918726625686
6.159057906884755
45.918725625686
6.159057906884755
45.918724625686
6.159057906884755
45.918723625686
6.159057906884755
45.918722625686
6.159057906884755
45.918721625686
6.159057906884755
45.918720625686
6.159057906884755
45.918719625686
6.159057906884755
45.918718625686
6.159057906884755
45.918717625686
6.159057906884755
45.918716625686
6.159057906884755
45.918715625686
6.159057906884755
45.918714625686
6.159057906884755
45.918713625686
6.159057906884755
45.918712625686
6.159057906884755
45.918711625686
6.159057906884755
45.918710625686
6.159057906884755
45.918709625686
6.159057906884755
45.918708625686
6.159057906884755
45.918707625686
6.159057906884755
45.918706625686
6.159057906884755
45.918705625686
6.159057906884755
45.918704625686
6.159057906884755
45.918703782051
6.159057906884755
45.918703782051
6.159057906884755
45.918702782051
6.159057906884755
45.918701782051
6.159057906884755
45.918700782051
6.159057906884755
45.918699782051
6.159057906884755
45.918698782051
6.159057906884755
45.918697782051
6.159057906884755
45.918696782051
6.159057906884755
45.918695782051
6.159057906884755
45.918694782051
6.159057906884755
45.918693782051
6.159057906884755
45.918692782051
6.159057906884755
45.918691782051
6.159057906884755
45.918690782051
6.159057906884755
45.918689782051
6.159057906884755
45.918688782051
6.159057906884755
45.918687782051
6.159057906884755
45.918686782051
6.159057906884755
45.918685782051
6.159057906884755
45.918684782051
6.159057906884755
45.918683782051
6.159057906884755
45.918682782051
6.159057906884755
45.918681782051
6.159057906884755
45.918680782051
6.159057906884755
45.918679782051
6.159057906884755
45.918678782051
6.159057906884755
45.918677782051
6.159057906884755
45.918676782051
6.159057906884755
45.918675782051
6.159057906884755
45.918674782051
6.159057906884755
45.918673782051
6.159057906884755
45.918672782051
6.159057906884755
45.918671782051
6.159057906884755
45.918670782051
6.159057906884755
45.918669782051
6.159057906884755
45.918668782051
6.159057906884755
45.918667782051
6.159057906884755
45.918666782051
6.159057906884755
45.918665782051
6.159057906884755
45.918664782051
6.159057906884755
45.918663782051
6.159057906884755
45.918662782051
6.159057906884755
45.918661782051
6.159057906884755
45.918660782051
6.159057906884755
45.918659782051
6.159057906884755
45.918658782051
6.159057906884755
45.918657782051
6.159057906884755
45.918656782051
6.159057906884755
45.918655782051
6.159057906884755
45.918654782051
6.159057906884755
45.918653782051
6.159057906884755
45.918652782051
6.159057906884755
45.918651782051
6.159057906884755
45.918650782051
6.159057906884755
45.918649782051
6.159057906884755
45.918648782051
6.159057906884755
45.918647782051
6.159057906884755
45.918646782051
6.159057906884755
45.918645782051
6.159057906884755
45.918644782051
6.159057906884755
45.918643782051
6.159057906884755
45.918642782051
6.159057906884755
45.918641782051
6.159057906884755
45.918640782051
6.159057906884755
45.918639782051
6.159057906884755
45.918638782051
6.159057906884755
45.918637782051
6.159057906884755
45.918636782051
6.159057906884755
45.918635782051
6.159057906884755
45.918634782051
6.159057906884755
45.918633782051
6.159057906884755
45.918632782051
6.159057906884755
45.918631782051
6.159057906884755
45.918630782051
6.159057906884755
45.918629782051
6.159057906884755
45.918628782051
6.159057906884755
45.918627782051
6.159057906884755
45.918626782051
6.159057906884755
45.918625782051
6.159057906884755
45.918624782051
6.159057906884755
45.918623782051
6.159057906884755
45.918622782051
6.159057906884755
45.918621782051
6.159057906884755
45.918620782051
6.159057906884755
45.918619782051
6.159057906884755
45.918618782051
6.159057906884755
45.918617782051
6.159057906884755
45.918616782051
6.159057906884755
45.918615782051
6.159057906884755
45.918614782051
6.159057906884755
45.918613782051
6.159057906884755
45.918612782051
6.159057906884755
45.918611782051
6.159057906884755
45.918610782051
6.159057906884755
45.918609782051
6.159057906884755
45.918608782051
6.159057906884755
45.918607782051
6.159057906884755
