
531.2053222656245.91946
6.157799600000089
45.91946
6.158727995175923
45.919459
6.158727995175923
45.919458
6.158727995175923
45.919457
6.158727995175923
45.919456
6.158727995175923
45.919455
6.158727995175923
45.919454
6.158727995175923
45.919453
6.158727995175923
45.919452
6.158727995175923
45.919451
6.158727995175923
45.91945
6.158727995175923
45.919449
6.158727995175923
45.919448
6.158727995175923
45.919447
6.158727995175923
45.919446
6.158727995175923
45.919445
6.158727995175923
45.919444
6.158727995175923
45.919443
6.158727995175923
45.919442
6.158727995175923
45.919441
6.158727995175923
45.91944
6.158727995175923
45.919439
6.158727995175923
45.919438
6.158727995175923
45.919437
6.158727995175923
45.919436
6.158727995175923
45.919435
6.158727995175923
45.919434
6.158727995175923
45.919433
6.158727995175923
45.919432
6.158727995175923
45.919431
6.158727995175923
45.91943
6.158727995175923
45.919429
6.158727995175923
45.919428
6.158727995175923
45.919427
6.158727995175923
45.919426
6.158727995175923
45.919425
6.158727995175923
45.919424
6.158727995175923
45.919423
6.158727995175923
45.919422
6.158727995175923
45.919421
6.158727995175923
45.91942
6.158727995175923
45.919419
6.158727995175923
45.919418
6.158727995175923
45.919417
6.158727995175923
45.919416
6.158727995175923
45.919415
6.158727995175923
45.919414
6.158727995175923
45.919413
6.158727995175923
45.919412
6.158727995175923
45.919411
6.158727995175923
45.91941
6.158727995175923
45.919409
6.158727995175923
45.919408
6.158727995175923
45.919407
6.158727995175923
45.919406
6.158727995175923
45.919405
6.158727995175923
45.919404
6.158727995175923
45.919403
6.158727995175923
45.919402
6.158727995175923
45.919401
6.158727995175923
45.9194
6.158727995175923
45.919399
6.158727995175923
45.919398
6.158727995175923
45.919397
6.158727995175923
45.919396
6.158727995175923
45.919395
6.158727995175923
45.919394
6.158727995175923
45.919393
6.158727995175923
45.919392
6.158727995175923
45.919391
6.158727995175923
45.91939
6.158727995175923
45.919389
6.158727995175923
45.919388
6.158727995175923
45.919387
6.158727995175923
45.919386
6.158727995175923
45.919385
6.158727995175923
45.919384
6.158727995175923
45.919383
6.158727995175923
45.919382
6.158727995175923
45.919381
6.158727995175923
45.91938
6.158727995175923
45.919379
6.158727995175923
45.919378
6.158727995175923
45.919377
6.158727995175923
45.919376
6.158727995175923
45.919375
6.158727995175923
45.919374
6.158727995175923
45.919373
6.158727995175923
45.919372
6.158727995175923
45.919371
6.158727995175923
45.91937
6.158727995175923
45.919369
6.158727995175923
45.919368
6.158727995175923
45.919367
6.158727995175923
45.919366
6.158727995175923
45.919365
6.158727995175923
45.919364
6.158727995175923
45.919363
6.158727995175923
45.919362
6.158727995175923
45.919361
6.158727995175923
45.91936
6.158727995175923
45.919359
6.158727995175923
45.919358
6.158727995175923
45.919357
6.158727995175923
45.919356
6.158727995175923
45.919355
6.158727995175923
45.919354
6.158727995175923
45.919353
6.158727995175923
45.919352
6.158727995175923
45.919351
6.158727995175923
45.91935
6.158727995175923
45.919349
6.158727995175923
45.919348
6.158727995175923
45.919347
6.158727995175923
45.919346
6.158727995175923
45.919345
6.158727995175923
45.919344
6.158727995175923
45.919343
6.158727995175923
45.919342
6.158727995175923
45.919341
6.158727995175923
45.91934
6.158727995175923
45.919339
6.158727995175923
45.919338
6.158727995175923
45.919337
6.158727995175923
45.919336
6.158727995175923
45.919335
6.158727995175923
45.919334
6.158727995175923
45.919333
6.158727995175923
45.919332
6.158727995175923
45.919331
6.158727995175923
45.91933
6.158727995175923
45.919329
6.158727995175923
45.919328
6.158727995175923
45.919327
6.158727995175923
45.919326
6.158727995175923
45.919325
6.158727995175923
45.919324
6.158727995175923
45.919323
6.158727995175923
45.919322
6.158727995175923
45.919321
6.158727995175923
45.91932
6.158727995175923
45.919319
6.158727995175923
45.919318
6.158727995175923
45.919317
6.158727995175923
45.919316
6.158727995175923
45.919315
6.158727995175923
45.919314
6.158727995175923
45.919313
6.158727995175923
45.919312
6.158727995175923
45.919311
6.158727995175923
45.91931
6.158727995175923
45.919309
6.158727995175923
45.919308
6.158727995175923
45.919307
6.158727995175923
45.919306
6.158727995175923
45.919305
6.158727995175923
45.919304
6.158727995175923
45.919303
6.158727995175923
45.919302
6.158727995175923
45.919301
6.158727995175923
45.9193
6.158727995175923
45.919299
6.158727995175923
45.919298
6.158727995175923
45.919297
6.158727995175923
45.919296
6.158727995175923
45.919295
6.158727995175923
45.919294
6.158727995175923
45.919293
6.158727995175923
45.919292
6.158727995175923
45.919291
6.158727995175923
45.91929
6.158727995175923
45.919289
6.158727995175923
45.919288
6.158727995175923
45.919287
6.158727995175923
45.919286
6.158727995175923
45.919285
6.158727995175923
45.919284
6.158727995175923
45.919283
6.158727995175923
45.919282
6.158727995175923
45.919281
6.158727995175923
45.91928
6.158727995175923
45.919279
6.158727995175923
45.919278
6.158727995175923
45.919277
6.158727995175923
45.919276
6.158727995175923
45.919275
6.158727995175923
45.919274
6.158727995175923
45.919273
6.158727995175923
45.919272141693
6.158727995175923
45.919272141693
6.158727995175923
45.919271141693
6.158727995175923
45.919270141693
6.158727995175923
45.919269141693
6.158727995175923
45.919268141693
6.158727995175923
45.919267141693
6.158727995175923
45.919266141693
6.158727995175923
45.919265141693
6.158727995175923
45.919264141693
6.158727995175923
45.919263141693
6.158727995175923
45.919262141693
6.158727995175923
45.919261141693
6.158727995175923
45.919260141693
6.158727995175923
45.919259141693
6.158727995175923
45.919258141693
6.158727995175923
45.919257141693
6.158727995175923
45.919256141693
6.158727995175923
45.919255141693
6.158727995175923
45.919254141693
6.158727995175923
45.919253141693
6.158727995175923
45.919252141693
6.158727995175923
45.919251141693
6.158727995175923
45.919250141693
6.158727995175923
45.919249141693
6.158727995175923
45.919248141693
6.158727995175923
45.919247141693
6.158727995175923
45.919246141693
6.158727995175923
45.919245141693
6.158727995175923
45.919244141693
6.158727995175923
45.919243141693
6.158727995175923
45.919242141693
6.158727995175923
45.919241141693
6.158727995175923
45.919240141693
6.158727995175923
45.919239141693
6.158727995175923
45.919238141693
6.158727995175923
45.919237141693
6.158727995175923
45.919236141693
6.158727995175923
45.919235141693
6.158727995175923
45.919234141693
6.158727995175923
45.919233141693
6.158727995175923
45.919232141693
6.158727995175923
45.919231141693
6.158727995175923
45.919230141693
6.158727995175923
45.919229141693
6.158727995175923
45.919228141693
6.158727995175923
45.919227141693
6.158727995175923
45.919226141693
6.158727995175923
45.919225141693
6.158727995175923
45.919224141693
6.158727995175923
45.919223141693
6.158727995175923
45.919222141693
6.158727995175923
45.919221141693
6.158727995175923
45.919220141693
6.158727995175923
45.919219141693
6.158727995175923
45.919218141693
6.158727995175923
45.919217141693
6.158727995175923
45.919216141693
6.158727995175923
45.919215141693
6.158727995175923
45.919214141693
6.158727995175923
45.919213141693
6.158727995175923
45.919212141693
6.158727995175923
45.919211141693
6.158727995175923
45.919210141693
6.158727995175923
45.919209141693
6.158727995175923
45.919208141693
6.158727995175923
45.919207141693
6.158727995175923
45.919206141693
6.158727995175923
45.919205141693
6.158727995175923
45.919204141693
6.158727995175923
45.919203141693
6.158727995175923
45.919202141693
6.158727995175923
45.919201141693
6.158727995175923
45.919200141693
6.158727995175923
45.919199141693
6.158727995175923
45.919198141693
6.158727995175923
45.919197141693
6.158727995175923
45.919196141693
6.158727995175923
45.919195141693
6.158727995175923
45.919194141693
6.158727995175923
45.919193141693
6.158727995175923
45.919192141693
6.158727995175923
45.919191141693
6.158727995175923
45.919190141693
6.158727995175923
45.919189141693
6.158727995175923
45.919188141693
6.158727995175923
45.919187141693
6.158727995175923
45.919186141693
6.158727995175923
45.919185141693
6.158727995175923
45.919184141693
6.158727995175923
45.919183141693
6.158727995175923
45.919182141693
6.158727995175923
45.919181141693
6.158727995175923
45.919180141693
6.158727995175923
45.919179141693
6.158727995175923
45.919178141693
6.158727995175923
45.919177141693
6.158727995175923
45.919176141693
6.158727995175923
45.919175141693
6.158727995175923
45.919174141693
6.158727995175923
45.919173141693
6.158727995175923
45.919172141693
6.158727995175923
45.919171141693
6.158727995175923
45.919170141693
6.158727995175923
45.919169141693
6.158727995175923
45.919168141693
6.158727995175923
45.919167141693
6.158727995175923
45.919166141693
6.158727995175923
45.919165141693
6.158727995175923
45.919164141693
6.158727995175923
45.919163141693
6.158727995175923
45.919162141693
6.158727995175923
45.919161141693
6.158727995175923
45.919160141693
6.158727995175923
45.919159141693
6.158727995175923
45.919158141693
6.158727995175923
45.919157141693
6.158727995175923
45.919156141693
6.158727995175923
45.919155141693
6.158727995175923
45.919154141693
6.158727995175923
45.919153141693
6.158727995175923
45.919152141693
6.158727995175923
45.919151141693
6.158727995175923
45.919150141693
6.158727995175923
45.919149141693
6.158727995175923
45.919148141693
6.158727995175923
45.919147141693
6.158727995175923
45.919146141693
6.158727995175923
45.919145141693
6.158727995175923
45.919144141693
6.158727995175923
45.919143141693
6.158727995175923
45.919142141693
6.158727995175923
45.919141141693
6.158727995175923
45.919140141693
6.158727995175923
45.919139141693
6.158727995175923
45.919138141693
6.158727995175923
45.919137141693
6.158727995175923
45.919136141693
6.158727995175923
45.919135141693
6.158727995175923
45.919134141693
6.158727995175923
45.919133141693
6.158727995175923
45.919132141693
6.158727995175923
45.919131141693
6.158727995175923
45.919130141693
6.158727995175923
45.919129141693
6.158727995175923
45.919128141693
6.158727995175923
45.919127141693
6.158727995175923
45.919126141693
6.158727995175923
45.919125141693
6.158727995175923
45.919124141693
6.158727995175923
45.919123141693
6.158727995175923
45.919122141693
6.158727995175923
45.919121141693
6.158727995175923
45.919120141693
6.158727995175923
45.919119141693
6.158727995175923
45.919118141693
6.158727995175923
45.919117141693
6.158727995175923
45.919116141693
6.158727995175923
45.919115141693
6.158727995175923
45.919114141693
6.158727995175923
45.919113141693
6.158727995175923
45.919112141693
6.158727995175923
45.919111141693
6.158727995175923
45.919110141693
6.158727995175923
45.919109141693
6.158727995175923
45.919108141693
6.158727995175923
45.919107141693
6.158727995175923
45.919106141693
6.158727995175923
45.919105141693
6.158727995175923
45.919104141693
6.158727995175923
45.919103141693
6.158727995175923
45.919102141693
6.158727995175923
45.919101141693
6.158727995175923
45.919100141693
6.158727995175923
45.919099141693
6.158727995175923
45.919098141693
6.158727995175923
45.919097141693
6.158727995175923
45.919096141693
6.158727995175923
45.919095141693
6.158727995175923
45.919094141693
6.158727995175923
45.919093141693
6.158727995175923
45.919092141693
6.158727995175923
45.919091141693
6.158727995175923
45.919090141693
6.158727995175923
45.919089141693
6.158727995175923
45.919088141693
6.158727995175923
45.919087141693
6.158727995175923
45.919086141693
6.158727995175923
45.919085141693
6.158727995175923
