531.85583496094
45.91946
6.157799600000089
45.91946
6.158647528905476
45.91945
6.158647528905476
45.91944
6.158647528905476
45.91943
6.158647528905476
45.91942
6.158647528905476
45.91941
6.158647528905476
45.9194
6.158647528905476
45.91939
6.158647528905476
45.91938
6.158647528905476
45.91937
6.158647528905476
45.91936
6.158647528905476
45.91935
6.158647528905476
45.91934
6.158647528905476
45.91933
6.158647528905476
45.91932
6.158647528905476
45.91931
6.158647528905476
45.9193
6.158647528905476
45.91929
6.158647528905476
45.91928
6.158647528905476
45.91927
6.158647528905476
45.919269359811
6.158647528905476
45.919269359811
6.158647528905476
45.919259359811
6.158647528905476
45.919249359811
6.158647528905476
45.919239359811
6.158647528905476
45.919229359811
6.158647528905476
45.919219359811
6.158647528905476
45.919209359811
6.158647528905476
45.919199359811
6.158647528905476
45.919189359811
6.158647528905476
45.919179359811
6.158647528905476
45.919169359811
6.158647528905476
45.919159359811
6.158647528905476
45.919149359811
6.158647528905476
45.919139359811
6.158647528905476
45.919129359811
6.158647528905476
45.919119359811
6.158647528905476
45.919109359811
6.158647528905476
45.919099359811
6.158647528905476
45.919089359811
6.158647528905476
45.919079359811
6.158647528905476
