524.91833496094
45.91946
6.158199599999989
45.91946

45.919459

45.919458

45.919457

45.919456

45.919455

45.919454

45.919453

45.919452

45.919451

45.91945

45.919449

45.919448

45.919447

45.919446

45.919445

45.919444

45.919443

45.919442

45.919441

45.91944

45.919439

45.919438

45.919437

45.919436

45.919435

45.919434

45.919433

45.919432

45.919431

45.91943

45.919429

45.919428

45.919427

45.919426

45.919425

45.919424

45.919423

45.919422

45.919421

45.91942

45.919419

45.919418

45.919417

45.919416

45.919415

45.919414

45.919413

45.919412

45.919411

45.91941

45.919409

45.919408

45.919407

45.919406

45.919405

45.919404

45.919403

45.919402

45.919401

45.9194

45.919399

45.919398

45.919397

45.919396

45.919395

45.919394

45.919393

45.919392

45.919391

45.91939

45.919389

45.919388

45.919387

45.919386

45.919385

45.919384

45.919383

45.919382

45.919381

45.91938

45.919379

45.919378

45.919377

45.919376

45.919375

45.919374

45.919373

45.919372

45.919371

45.91937

45.919369

45.919368

45.919367

45.919366

45.919365

45.919364

45.919363

45.919362

45.919361

45.91936

45.919359

45.919358

45.919357

45.919356

45.919355

45.919354

45.919353

45.919352

45.919351

45.91935

45.919349

45.919348

45.919347

45.919346

45.919345

45.919344

45.919343

45.919342

45.919341

45.91934

45.919339

45.919338

45.919337

45.919336

45.919335

45.919334

45.919333

45.919332

45.919331

45.91933

45.919329

45.919328

45.919327

45.919326

45.919325

45.919324

45.919323

45.919322

45.919321

45.91932

45.919319

45.919318

45.919317

45.919316

45.919315

45.919314

45.919313

45.919312

45.919311

45.91931

45.919309

45.919308

45.919307

45.919306

45.919305

45.919304

45.919303

45.919302

45.919301

45.9193

45.919299

45.919298

45.919297

45.919296

45.919295

45.919294

45.919293

45.919292

45.919291

45.91929

45.919289

45.919288

45.919287

45.919286

45.919285

45.919284

45.919283

45.919282

45.919281

45.91928

45.919279

45.919278

45.919277

45.919276

45.919275

45.919274

45.919273

45.919272

45.919271

45.91927

45.919269

45.919268

45.919267

45.919266

45.919265

45.919264

45.919263

45.919262000001

45.919261000001

45.919260000001

45.919259000001

45.919258000001

45.919257000001

45.919256000001

45.919255000001

45.919254000001

45.919253000001

45.919252000001

45.919251000001

45.919250000001

45.919249000001

45.919248000001

45.919247000001

45.919246000001

45.919245000001

45.919244000001

45.919243000001

45.919242000001

45.919241000001

45.919240000001

45.919239000001

45.919238000001

45.919237000001

45.919236000001

45.919235000001

45.919234000001

45.919233000001

45.919232000001

45.919231000001

45.919230000001

45.919229000001

45.919228000001

45.919227000001

45.919226000001

45.919225000001

45.919224000001

45.919223000001

45.919222000001

45.919221000001

45.919220000001

45.919219000001

45.919218000001

45.919217000001

45.919216000001

45.919215000001

45.919214000001

45.919213000001

45.919212000001

45.919211000001

45.919210000001

45.919209000001

45.919208000001

45.919207000001

45.919206000001

45.919205000001

45.919204000001

45.919203000001

45.919202000001

45.919201000001

45.919200000001

45.919199000001

45.919198000001

45.919197000001

45.919196000001

45.919195000001

45.919194000001

45.919193000001

45.919192000001

45.919191000001

45.919190000001

45.919189000001

45.919188000001

45.919187000001

45.919186000001

45.919185000001

45.919184000001

45.919183000001

45.919182000001

45.919181000001

45.919180000001

45.919179000001

45.919178000001

45.919177000001

45.919176000001

45.919175000001

45.919174000001

45.919173000001

45.919172000001

45.919171000001

45.919170000001

45.919169000001

45.919168000001

45.919167000001

45.919166000001

45.919165000001

45.919164000001

45.919163000001

45.919162000001

45.919161000001

45.919160000001

45.919159000001

45.919158000001

45.919157000001

45.919156000001

45.919155000001

45.919154000001

45.919153000001

45.919152000001

45.919151000001

45.919150000001

45.919149000001

45.919148000001

45.919147000001

45.919146000001

45.919145000001

45.919144000001

45.919143000001

45.919142000001

45.919141000001

45.919140000001

45.919139000001

45.919138000001

45.919137000001

45.919136000001

45.919135000001

45.919134000001

45.919133000001

45.919132000001

45.919131000001

45.919130000001

45.919129000001

45.919128000001

45.919127000001

45.919126000001

45.919125000001

45.919124000001

45.919123000001

45.919122000001

45.919121000001

45.919120000001

45.919119000001

45.919118000001

45.919117000001

45.919116000001

45.919115000001

45.919114000001

45.919113000001

45.919112000001

45.919111000001

45.919110000001

45.919109000001

45.919108000001

45.919107000001

45.919106000001

45.919105000001

45.919104000001

45.919103000001

45.919102000001

45.919101000001

45.919100000001

45.919099000001

45.919098000001

45.919097000001

45.919096000001

45.919095000001

45.919094000001

45.919093000001

45.919092000001

45.919091000001

45.919090000001

45.919089000001

45.919088000001

45.919087000001

45.919086000001

45.919085000001

45.919084000001

45.919083000001

45.919082000001

45.919081000001

45.919080000001

45.919079000001

45.919078000001

45.919077000001

45.919076000001

45.919075000001

45.919074000001

45.919073000001

45.919072000001

45.919071000001

45.919070000001

45.919069000001

45.919068000001

45.919067000001

45.919066000001

45.919065000001

45.919064000001

45.919063000001

45.919062000001

45.919061000001

45.919060000001

