531.62536621094
45.92017278040063
6.1585427905406
45.92017278040063
6.1585427905406
45.920162780401
6.1585427905406
45.920152780401
6.1585427905406
45.920142780401
6.1585427905406
45.920132780401
6.1585427905406
45.920122780401
6.1585427905406
45.920112780401
6.1585427905406
45.920102780401
6.1585427905406
45.920092780401
6.1585427905406
45.920082780401
6.1585427905406
45.920072780401
6.1585427905406
45.920062780401
6.1585427905406
45.920052780401
6.1585427905406
45.920042780401
6.1585427905406
45.920032780401
6.1585427905406
45.920022780401
6.1585427905406
45.920012780401
6.1585427905406
45.920002780401
6.1585427905406
45.919992780401
6.1585427905406
45.919982780401
6.1585427905406
45.919972780401
6.1585427905406
45.919962780401
6.1585427905406
45.919952780401
6.1585427905406
45.919942780401
6.1585427905406
45.919932780401
6.1585427905406
45.919922780401
6.1585427905406
45.919912780401
6.1585427905406
45.919902780401
6.1585427905406
45.919892780401
6.1585427905406
45.919882780401
6.1585427905406
45.919872780401
6.1585427905406
45.919862780401
6.1585427905406
45.919852780401
6.1585427905406
45.919842780401
6.1585427905406
45.919832780401
6.1585427905406
45.919822780401
6.1585427905406
45.919812780401
6.1585427905406
45.919802780401
6.1585427905406
45.919792780401
6.1585427905406
45.919782780401
6.1585427905406
45.9197727804
6.1585427905406
45.9197627804
6.1585427905406
45.9197527804
6.1585427905406
45.9197427804
6.1585427905406
45.9197327804
6.1585427905406
45.9197227804
6.1585427905406
45.9197127804
6.1585427905406
45.9197027804
6.1585427905406
45.9196927804
6.1585427905406
45.9196827804
6.1585427905406
45.9196727804
6.1585427905406
45.9196627804
6.1585427905406
45.9196527804
6.1585427905406
45.9196427804
6.1585427905406
45.9196327804
6.1585427905406
45.9196227804
6.1585427905406
45.9196127804
6.1585427905406
45.9196027804
6.1585427905406
45.9195927804
6.1585427905406
45.9195827804
6.1585427905406
45.9195727804
6.1585427905406
45.9195627804
6.1585427905406
45.9195527804
6.1585427905406
45.9195427804
6.1585427905406
45.9195327804
6.1585427905406
45.9195227804
6.1585427905406
45.9195127804
6.1585427905406
45.9195027804
6.1585427905406
45.9194927804
6.1585427905406
45.9194827804
6.1585427905406
45.9194727804
6.1585427905406
45.9194627804
6.1585427905406
45.9194527804
6.1585427905406
45.9194427804
6.1585427905406
45.9194327804
6.1585427905406
45.9194227804
6.1585427905406
45.9194127804
6.1585427905406
45.9194027804
6.1585427905406
45.9193927804
6.1585427905406
45.9193827804
6.1585427905406
45.9193727804
6.1585427905406
45.9193627804
6.1585427905406
45.9193527804
6.1585427905406
45.9193427804
6.1585427905406
45.9193327804
6.1585427905406
45.9193227804
6.1585427905406
45.9193127804
6.1585427905406
45.9193027804
6.1585427905406
45.9192927804
6.1585427905406
45.9192827804
6.1585427905406
45.9192727804
6.1585427905406
45.9192627804
6.1585427905406
45.9192527804
6.1585427905406
45.9192427804
6.1585427905406
45.9192327804
6.1585427905406
45.9192227804
6.1585427905406
45.9192127804
6.1585427905406
45.9192027804
6.1585427905406
45.9191927804
6.1585427905406
45.9191827804
6.1585427905406
45.9191727804
6.1585427905406
45.9191627804
6.1585427905406
45.9191627804
6.1585327905406
45.9191627804
6.1585227905406
45.9191627804
6.1585127905406
45.9191627804
6.1585027905406
45.9191627804
6.1584927905406
45.9191627804
6.1584827905406
45.9191627804
6.1584781530978
45.9191627804
6.1584781530978
45.9191727804
6.1584781530978
45.9191827804
6.1584781530978
45.9191927804
6.1584781530978
45.9192027804
6.1584781530978
45.9192127804
6.1584781530978
45.9192227804
6.1584781530978
45.9192327804
6.1584781530978
45.9192427804
6.1584781530978
45.9192527804
6.1584781530978
45.9192627804
6.1584781530978
45.9192727804
6.1584781530978
45.9192827804
6.1584781530978
45.9192927804
6.1584781530978
45.9193027804
6.1584781530978
45.9193127804
6.1584781530978
45.9193227804
6.1584781530978
45.9193327804
6.1584781530978
45.9193427804
6.1584781530978
45.9193527804
6.1584781530978
45.9193627804
6.1584781530978
45.9193727804
6.1584781530978
45.9193827804
6.1584781530978
45.9193927804
6.1584781530978
45.9194027804
6.1584781530978
45.9194127804
6.1584781530978
45.9194227804
6.1584781530978
45.9194327804
6.1584781530978
45.9194427804
6.1584781530978
45.9194527804
6.1584781530978
45.9194627804
6.1584781530978
45.9194727804
6.1584781530978
45.9194827804
6.1584781530978
45.9194927804
6.1584781530978
45.9195027804
6.1584781530978
45.9195127804
6.1584781530978
45.9195227804
6.1584781530978
45.9195327804
6.1584781530978
45.9195427804
6.1584781530978
45.9195527804
6.1584781530978
45.9195627804
6.1584781530978
45.9195727804
6.1584781530978
45.9195827804
6.1584781530978
45.9195927804
6.1584781530978
45.9196027804
6.1584781530978
45.9196127804
6.1584781530978
45.9196227804
6.1584781530978
45.9196327804
6.1584781530978
45.9196427804
6.1584781530978
45.9196527804
6.1584781530978
45.9196627804
6.1584781530978
45.9196727804
6.1584781530978
45.9196827804
6.1584781530978
45.9196927804
6.1584781530978
45.9197027804
6.1584781530978
45.9197127804
6.1584781530978
45.9197227804
6.1584781530978
45.9197327804
6.1584781530978
45.9197427804
6.1584781530978
45.9197527804
6.1584781530978
45.9197627804
6.1584781530978
45.9197727804
6.1584781530978
45.919782780401
6.1584781530978
45.919792780401
6.1584781530978
45.919802780401
6.1584781530978
45.919812780401
6.1584781530978
45.919822780401
6.1584781530978
45.919832780401
6.1584781530978
45.919842780401
6.1584781530978
45.919852780401
6.1584781530978
45.919862780401
6.1584781530978
45.919872780401
6.1584781530978
45.919882780401
6.1584781530978
45.919892780401
6.1584781530978
45.919902780401
6.1584781530978
45.919912780401
6.1584781530978
45.919922780401
6.1584781530978
45.919932780401
6.1584781530978
45.919942780401
6.1584781530978
45.919952780401
6.1584781530978
45.919962780401
6.1584781530978
45.919972780401
6.1584781530978
45.919982780401
6.1584781530978
45.919992780401
6.1584781530978
45.920002780401
6.1584781530978
45.920012780401
6.1584781530978
45.920022780401
6.1584781530978
45.920032780401
6.1584781530978
45.920042780401
6.1584781530978
45.920052780401
6.1584781530978
45.920062780401
6.1584781530978
45.920072780401
6.1584781530978
45.920082780401
6.1584781530978
45.920092780401
6.1584781530978
45.920102780401
6.1584781530978
45.920112780401
6.1584781530978
45.920122780401
6.1584781530978
45.920132780401
6.1584781530978
45.920142780401
6.1584781530978
45.920152780401
6.1584781530978
45.920162780401
6.1584781530978
45.920172780401
6.1584781530978
45.92017278040063
6.1584781530978
45.920182780401
6.1584781530978
45.920182780401
6.1584681530978
45.920182780401
6.1584581530978
45.920182780401
6.1584481530978
45.920182780401
6.1584381530978
45.920182780401
6.1584281530978
45.920182780401
6.1584181530978
45.920182780401
6.1584135156549
45.92017278040063
6.1584135156549
45.920162780401
6.1584135156549
45.920152780401
6.1584135156549
45.920142780401
6.1584135156549
45.920132780401
6.1584135156549
45.920122780401
6.1584135156549
45.920112780401
6.1584135156549
45.920102780401
6.1584135156549
45.920092780401
6.1584135156549
45.920082780401
6.1584135156549
45.920072780401
6.1584135156549
45.920062780401
6.1584135156549
45.920052780401
6.1584135156549
45.920042780401
6.1584135156549
45.920032780401
6.1584135156549
45.920022780401
6.1584135156549
45.920012780401
6.1584135156549
45.920002780401
6.1584135156549
45.919992780401
6.1584135156549
45.919982780401
6.1584135156549
45.919972780401
6.1584135156549
45.919962780401
6.1584135156549
45.919952780401
6.1584135156549
45.919942780401
6.1584135156549
45.919932780401
6.1584135156549
45.919922780401
6.1584135156549
45.919912780401
6.1584135156549
45.919902780401
6.1584135156549
45.919892780401
6.1584135156549
45.919882780401
6.1584135156549
45.919872780401
6.1584135156549
45.919862780401
6.1584135156549
45.919852780401
6.1584135156549
45.919842780401
6.1584135156549
45.919832780401
6.1584135156549
45.919822780401
6.1584135156549
45.919812780401
6.1584135156549
45.919802780401
6.1584135156549
45.919792780401
6.1584135156549
45.919782780401
6.1584135156549
45.9197727804
6.1584135156549
45.9197627804
6.1584135156549
45.9197527804
6.1584135156549
45.9197427804
6.1584135156549
45.9197327804
6.1584135156549
45.9197227804
6.1584135156549
45.9197127804
6.1584135156549
45.9197027804
6.1584135156549
45.9196927804
6.1584135156549
45.9196827804
6.1584135156549
45.9196727804
6.1584135156549
45.9196627804
6.1584135156549
45.9196527804
6.1584135156549
45.9196427804
6.1584135156549
45.9196327804
6.1584135156549
45.9196227804
6.1584135156549
45.9196127804
6.1584135156549
45.9196027804
6.1584135156549
45.9195927804
6.1584135156549
45.9195827804
6.1584135156549
45.9195727804
6.1584135156549
45.9195627804
6.1584135156549
45.9195527804
6.1584135156549
45.9195427804
6.1584135156549
45.9195327804
6.1584135156549
45.9195227804
6.1584135156549
45.9195127804
6.1584135156549
45.9195027804
6.1584135156549
45.9194927804
6.1584135156549
45.9194827804
6.1584135156549
45.9194727804
6.1584135156549
45.9194627804
6.1584135156549
45.9194527804
6.1584135156549
45.9194427804
6.1584135156549
45.9194327804
6.1584135156549
45.9194227804
6.1584135156549
45.9194127804
6.1584135156549
45.9194027804
6.1584135156549
45.9193927804
6.1584135156549
45.9193827804
6.1584135156549
45.9193727804
6.1584135156549
45.9193627804
6.1584135156549
45.9193527804
6.1584135156549
45.9193427804
6.1584135156549
45.9193327804
6.1584135156549
45.9193227804
6.1584135156549
45.9193127804
6.1584135156549
45.9193027804
6.1584135156549
45.9192927804
6.1584135156549
45.9192827804
6.1584135156549
45.9192727804
6.1584135156549
45.9192627804
6.1584135156549
45.9192527804
6.1584135156549
45.9192427804
6.1584135156549
45.9192327804
6.1584135156549
45.9192227804
6.1584135156549
45.9192127804
6.1584135156549
45.9192027804
6.1584135156549
45.9191927804
6.1584135156549
45.9191827804
6.1584135156549
45.9191727804
6.1584135156549
45.9191627804
6.1584135156549
45.9191627804
6.1584035156549
45.9191627804
6.1583935156549
45.9191627804
6.1583835156549
45.9191627804
6.1583735156549
45.9191627804
6.1583635156549
45.9191627804
6.1583535156549
45.9191627804
6.1583488782121
45.9191627804
6.1583488782121
45.9191727804
6.1583488782121
45.9191827804
6.1583488782121
45.9191927804
6.1583488782121
45.9192027804
6.1583488782121
45.9192127804
6.1583488782121
45.9192227804
6.1583488782121
45.9192327804
6.1583488782121
45.9192427804
6.1583488782121
45.9192527804
6.1583488782121
45.9192627804
6.1583488782121
45.9192727804
6.1583488782121
45.9192827804
6.1583488782121
45.9192927804
6.1583488782121
45.9193027804
6.1583488782121
45.9193127804
6.1583488782121
45.9193227804
6.1583488782121
45.9193327804
6.1583488782121
45.9193427804
6.1583488782121
45.9193527804
6.1583488782121
45.9193627804
6.1583488782121
45.9193727804
6.1583488782121
45.9193827804
6.1583488782121
45.9193927804
6.1583488782121
45.9194027804
6.1583488782121
45.9194127804
6.1583488782121
45.9194227804
6.1583488782121
45.9194327804
6.1583488782121
45.9194427804
6.1583488782121
45.9194527804
6.1583488782121
45.9194627804
6.1583488782121
45.9194727804
6.1583488782121
45.9194827804
6.1583488782121
45.9194927804
6.1583488782121
45.9195027804
6.1583488782121
45.9195127804
6.1583488782121
45.9195227804
6.1583488782121
45.9195327804
6.1583488782121
45.9195427804
6.1583488782121
45.9195527804
6.1583488782121
45.9195627804
6.1583488782121
45.9195727804
6.1583488782121
45.9195827804
6.1583488782121
45.9195927804
6.1583488782121
45.9196027804
6.1583488782121
45.9196127804
6.1583488782121
45.9196227804
6.1583488782121
45.9196327804
6.1583488782121
45.9196427804
6.1583488782121
45.9196527804
6.1583488782121
45.9196627804
6.1583488782121
45.9196727804
6.1583488782121
45.9196827804
6.1583488782121
45.9196927804
6.1583488782121
45.9197027804
6.1583488782121
45.9197127804
6.1583488782121
45.9197227804
6.1583488782121
45.9197327804
6.1583488782121
45.9197427804
6.1583488782121
45.9197527804
6.1583488782121
45.9197627804
6.1583488782121
45.9197727804
6.1583488782121
45.919782780401
6.1583488782121
45.919792780401
6.1583488782121
45.919802780401
6.1583488782121
45.919812780401
6.1583488782121
45.919822780401
6.1583488782121
45.919832780401
6.1583488782121
45.919842780401
6.1583488782121
45.919852780401
6.1583488782121
45.919862780401
6.1583488782121
45.919872780401
6.1583488782121
45.919882780401
6.1583488782121
45.919892780401
6.1583488782121
45.919902780401
6.1583488782121
45.919912780401
6.1583488782121
45.919922780401
6.1583488782121
45.919932780401
6.1583488782121
45.919942780401
6.1583488782121
45.919952780401
6.1583488782121
45.919962780401
6.1583488782121
45.919972780401
6.1583488782121
45.919982780401
6.1583488782121
45.919992780401
6.1583488782121
45.920002780401
6.1583488782121
45.920012780401
6.1583488782121
45.920022780401
6.1583488782121
45.920032780401
6.1583488782121
45.920042780401
6.1583488782121
45.920052780401
6.1583488782121
45.920062780401
6.1583488782121
45.920072780401
6.1583488782121
45.920082780401
6.1583488782121
45.920092780401
6.1583488782121
45.920102780401
6.1583488782121
45.920112780401
6.1583488782121
45.920122780401
6.1583488782121
45.920132780401
6.1583488782121
45.920142780401
6.1583488782121
45.920152780401
6.1583488782121
45.920162780401
6.1583488782121
45.920172780401
6.1583488782121
45.92017278040063
6.1583488782121
45.920182780401
6.1583488782121
45.920182780401
6.1583388782121
45.920182780401
6.1583288782121
45.920182780401
6.1583188782121
45.920182780401
6.1583088782121
45.920182780401
6.1582988782121
45.920182780401
6.1582888782121
45.920182780401
6.1582842407692
45.92017278040063
6.1582842407692
45.920162780401
6.1582842407692
45.920152780401
6.1582842407692
45.920142780401
6.1582842407692
45.920132780401
6.1582842407692
45.920122780401
6.1582842407692
45.920112780401
6.1582842407692
45.920102780401
6.1582842407692
45.920092780401
6.1582842407692
45.920082780401
6.1582842407692
45.920072780401
6.1582842407692
45.920062780401
6.1582842407692
45.920052780401
6.1582842407692
45.920042780401
6.1582842407692
45.920032780401
6.1582842407692
45.920022780401
6.1582842407692
45.920012780401
6.1582842407692
45.920002780401
6.1582842407692
45.919992780401
6.1582842407692
45.919982780401
6.1582842407692
45.919972780401
6.1582842407692
45.919962780401
6.1582842407692
45.919952780401
6.1582842407692
45.919942780401
6.1582842407692
45.919932780401
6.1582842407692
45.919922780401
6.1582842407692
45.919912780401
6.1582842407692
45.919902780401
6.1582842407692
45.919892780401
6.1582842407692
45.919882780401
6.1582842407692
45.919872780401
6.1582842407692
45.919862780401
6.1582842407692
45.919852780401
6.1582842407692
45.919842780401
6.1582842407692
45.919832780401
6.1582842407692
45.919822780401
6.1582842407692
45.919812780401
6.1582842407692
45.919802780401
6.1582842407692
45.919792780401
6.1582842407692
45.919782780401
6.1582842407692
45.9197727804
6.1582842407692
45.9197627804
6.1582842407692
45.9197527804
6.1582842407692
45.9197427804
6.1582842407692
45.9197327804
6.1582842407692
45.9197227804
6.1582842407692
45.9197127804
6.1582842407692
45.9197027804
6.1582842407692
45.9196927804
6.1582842407692
45.9196827804
6.1582842407692
45.9196727804
6.1582842407692
45.9196627804
6.1582842407692
45.9196527804
6.1582842407692
45.9196427804
6.1582842407692
45.9196327804
6.1582842407692
45.9196227804
6.1582842407692
45.9196127804
6.1582842407692
45.9196027804
6.1582842407692
45.9195927804
6.1582842407692
45.9195827804
6.1582842407692
45.9195727804
6.1582842407692
45.9195627804
6.1582842407692
45.9195527804
6.1582842407692
45.9195427804
6.1582842407692
45.9195327804
6.1582842407692
45.9195227804
6.1582842407692
45.9195127804
6.1582842407692
45.9195027804
6.1582842407692
45.9194927804
6.1582842407692
45.9194827804
6.1582842407692
45.9194727804
6.1582842407692
45.9194627804
6.1582842407692
45.9194527804
6.1582842407692
45.9194427804
6.1582842407692
45.9194327804
6.1582842407692
45.9194227804
6.1582842407692
45.9194127804
6.1582842407692
45.9194027804
6.1582842407692
45.9193927804
6.1582842407692
45.9193827804
6.1582842407692
45.9193727804
6.1582842407692
45.9193627804
6.1582842407692
45.9193527804
6.1582842407692
45.9193427804
6.1582842407692
45.9193327804
6.1582842407692
45.9193227804
6.1582842407692
45.9193127804
6.1582842407692
45.9193027804
6.1582842407692
45.9192927804
6.1582842407692
45.9192827804
6.1582842407692
45.9192727804
6.1582842407692
45.9192627804
6.1582842407692
45.9192527804
6.1582842407692
45.9192427804
6.1582842407692
45.9192327804
6.1582842407692
45.9192227804
6.1582842407692
45.9192127804
6.1582842407692
45.9192027804
6.1582842407692
45.9191927804
6.1582842407692
45.9191827804
6.1582842407692
45.9191727804
6.1582842407692
45.9191627804
6.1582842407692
45.9191627804
6.1582742407692
45.9191627804
6.1582642407692
45.9191627804
6.1582542407692
45.9191627804
6.1582442407692
45.9191627804
6.1582342407692
45.9191627804
6.1582242407692
45.9191627804
6.1582196033264
45.9191627804
6.1582196033264
45.9191727804
6.1582196033264
45.9191827804
6.1582196033264
45.9191927804
6.1582196033264
45.9192027804
6.1582196033264
45.9192127804
6.1582196033264
45.9192227804
6.1582196033264
45.9192327804
6.1582196033264
45.9192427804
6.1582196033264
45.9192527804
6.1582196033264
45.9192627804
6.1582196033264
45.9192727804
6.1582196033264
45.9192827804
6.1582196033264
45.9192927804
6.1582196033264
45.9193027804
6.1582196033264
45.9193127804
6.1582196033264
45.9193227804
6.1582196033264
45.9193327804
6.1582196033264
45.9193427804
6.1582196033264
45.9193527804
6.1582196033264
45.9193627804
6.1582196033264
45.9193727804
6.1582196033264
45.9193827804
6.1582196033264
45.9193927804
6.1582196033264
45.9194027804
6.1582196033264
45.9194127804
6.1582196033264
45.9194227804
6.1582196033264
45.9194327804
6.1582196033264
45.9194427804
6.1582196033264
45.9194527804
6.1582196033264
45.9194627804
6.1582196033264
45.9194727804
6.1582196033264
45.9194827804
6.1582196033264
45.9194927804
6.1582196033264
45.9195027804
6.1582196033264
45.9195127804
6.1582196033264
45.9195227804
6.1582196033264
45.9195327804
6.1582196033264
45.9195427804
6.1582196033264
45.9195527804
6.1582196033264
45.9195627804
6.1582196033264
45.9195727804
6.1582196033264
45.9195827804
6.1582196033264
45.9195927804
6.1582196033264
45.9196027804
6.1582196033264
45.9196127804
6.1582196033264
45.9196227804
6.1582196033264
45.9196327804
6.1582196033264
45.9196427804
6.1582196033264
45.9196527804
6.1582196033264
45.9196627804
6.1582196033264
45.9196727804
6.1582196033264
45.9196827804
6.1582196033264
45.9196927804
6.1582196033264
45.9197027804
6.1582196033264
45.9197127804
6.1582196033264
45.9197227804
6.1582196033264
45.9197327804
6.1582196033264
45.9197427804
6.1582196033264
45.9197527804
6.1582196033264
45.9197627804
6.1582196033264
45.9197727804
6.1582196033264
45.919782780401
6.1582196033264
45.919792780401
6.1582196033264
45.919802780401
6.1582196033264
45.919812780401
6.1582196033264
45.919822780401
6.1582196033264
45.919832780401
6.1582196033264
45.919842780401
6.1582196033264
45.919852780401
6.1582196033264
45.919862780401
6.1582196033264
45.919872780401
6.1582196033264
45.919882780401
6.1582196033264
45.919892780401
6.1582196033264
45.919902780401
6.1582196033264
45.919912780401
6.1582196033264
45.919922780401
6.1582196033264
45.919932780401
6.1582196033264
45.919942780401
6.1582196033264
45.919952780401
6.1582196033264
45.919962780401
6.1582196033264
45.919972780401
6.1582196033264
45.919982780401
6.1582196033264
45.919992780401
6.1582196033264
45.920002780401
6.1582196033264
45.920012780401
6.1582196033264
45.920022780401
6.1582196033264
45.920032780401
6.1582196033264
45.920042780401
6.1582196033264
45.920052780401
6.1582196033264
45.920062780401
6.1582196033264
45.920072780401
6.1582196033264
45.920082780401
6.1582196033264
45.920092780401
6.1582196033264
45.920102780401
6.1582196033264
45.920112780401
6.1582196033264
45.920122780401
6.1582196033264
45.920132780401
6.1582196033264
45.920142780401
6.1582196033264
45.920152780401
6.1582196033264
45.920162780401
6.1582196033264
45.920172780401
6.1582196033264
45.92017278040063
6.1582196033264
45.920182780401
6.1582196033264
45.920182780401
6.1582096033264
45.920182780401
6.1581996033264
45.920182780401
6.1581896033264
45.920182780401
6.1581796033264
45.920182780401
6.1581696033264
45.920182780401
6.1581596033264
45.920182780401
6.1581549658835
45.92017278040063
6.1581549658835
45.920162780401
6.1581549658835
45.920152780401
6.1581549658835
45.920142780401
6.1581549658835
45.920132780401
6.1581549658835
45.920122780401
6.1581549658835
45.920112780401
6.1581549658835
45.920102780401
6.1581549658835
45.920092780401
6.1581549658835
45.920082780401
6.1581549658835
45.920072780401
6.1581549658835
45.920062780401
6.1581549658835
45.920052780401
6.1581549658835
45.920042780401
6.1581549658835
45.920032780401
6.1581549658835
45.920022780401
6.1581549658835
45.920012780401
6.1581549658835
45.920002780401
6.1581549658835
45.919992780401
6.1581549658835
45.919982780401
6.1581549658835
45.919972780401
6.1581549658835
45.919962780401
6.1581549658835
45.919952780401
6.1581549658835
45.919942780401
6.1581549658835
45.919932780401
6.1581549658835
45.919922780401
6.1581549658835
45.919912780401
6.1581549658835
45.919902780401
6.1581549658835
45.919892780401
6.1581549658835
45.919882780401
6.1581549658835
45.919872780401
6.1581549658835
45.919862780401
6.1581549658835
45.919852780401
6.1581549658835
45.919842780401
6.1581549658835
45.919832780401
6.1581549658835
45.919822780401
6.1581549658835
45.919812780401
6.1581549658835
45.919802780401
6.1581549658835
45.919792780401
6.1581549658835
45.919782780401
6.1581549658835
45.9197727804
6.1581549658835
45.9197627804
6.1581549658835
45.9197527804
6.1581549658835
45.9197427804
6.1581549658835
45.9197327804
6.1581549658835
45.9197227804
6.1581549658835
45.9197127804
6.1581549658835
45.9197027804
6.1581549658835
45.9196927804
6.1581549658835
45.9196827804
6.1581549658835
45.9196727804
6.1581549658835
45.9196627804
6.1581549658835
45.9196527804
6.1581549658835
45.9196427804
6.1581549658835
45.9196327804
6.1581549658835
45.9196227804
6.1581549658835
45.9196127804
6.1581549658835
45.9196027804
6.1581549658835
45.9195927804
6.1581549658835
45.9195827804
6.1581549658835
45.9195727804
6.1581549658835
45.9195627804
6.1581549658835
45.9195527804
6.1581549658835
45.9195427804
6.1581549658835
45.9195327804
6.1581549658835
45.9195227804
6.1581549658835
45.9195127804
6.1581549658835
45.9195027804
6.1581549658835
45.9194927804
6.1581549658835
45.9194827804
6.1581549658835
45.9194727804
6.1581549658835
45.9194627804
6.1581549658835
45.9194527804
6.1581549658835
45.9194427804
6.1581549658835
45.9194327804
6.1581549658835
45.9194227804
6.1581549658835
45.9194127804
6.1581549658835
45.9194027804
6.1581549658835
45.9193927804
6.1581549658835
45.9193827804
6.1581549658835
45.9193727804
6.1581549658835
45.9193627804
6.1581549658835
45.9193527804
6.1581549658835
45.9193427804
6.1581549658835
45.9193327804
6.1581549658835
45.9193227804
6.1581549658835
45.9193127804
6.1581549658835
45.9193027804
6.1581549658835
45.9192927804
6.1581549658835
45.9192827804
6.1581549658835
45.9192727804
6.1581549658835
45.9192627804
6.1581549658835
45.9192527804
6.1581549658835
45.9192427804
6.1581549658835
45.9192327804
6.1581549658835
45.9192227804
6.1581549658835
45.9192127804
6.1581549658835
45.9192027804
6.1581549658835
45.9191927804
6.1581549658835
45.9191827804
6.1581549658835
45.9191727804
6.1581549658835
45.9191627804
6.1581549658835
45.9191627804
6.1581449658835
45.9191627804
6.1581349658835
45.9191627804
6.1581249658835
45.9191627804
6.1581149658835
45.9191627804
6.1581049658835
45.9191627804
6.1580949658835
45.9191627804
6.1580903284406
45.9191627804
6.1580903284406
45.9191727804
6.1580903284406
45.9191827804
6.1580903284406
45.9191927804
6.1580903284406
45.9192027804
6.1580903284406
45.9192127804
6.1580903284406
45.9192227804
6.1580903284406
45.9192327804
6.1580903284406
45.9192427804
6.1580903284406
45.9192527804
6.1580903284406
45.9192627804
6.1580903284406
45.9192727804
6.1580903284406
45.9192827804
6.1580903284406
45.9192927804
6.1580903284406
45.9193027804
6.1580903284406
45.9193127804
6.1580903284406
45.9193227804
6.1580903284406
45.9193327804
6.1580903284406
45.9193427804
6.1580903284406
45.9193527804
6.1580903284406
45.9193627804
6.1580903284406
45.9193727804
6.1580903284406
45.9193827804
6.1580903284406
45.9193927804
6.1580903284406
45.9194027804
6.1580903284406
45.9194127804
6.1580903284406
45.9194227804
6.1580903284406
45.9194327804
6.1580903284406
45.9194427804
6.1580903284406
45.9194527804
6.1580903284406
45.9194627804
6.1580903284406
45.9194727804
6.1580903284406
45.9194827804
6.1580903284406
45.9194927804
6.1580903284406
45.9195027804
6.1580903284406
45.9195127804
6.1580903284406
45.9195227804
6.1580903284406
45.9195327804
6.1580903284406
45.9195427804
6.1580903284406
45.9195527804
6.1580903284406
45.9195627804
6.1580903284406
45.9195727804
6.1580903284406
45.9195827804
6.1580903284406
45.9195927804
6.1580903284406
45.9196027804
6.1580903284406
45.9196127804
6.1580903284406
45.9196227804
6.1580903284406
45.9196327804
6.1580903284406
45.9196427804
6.1580903284406
45.9196527804
6.1580903284406
45.9196627804
6.1580903284406
45.9196727804
6.1580903284406
45.9196827804
6.1580903284406
45.9196927804
6.1580903284406
45.9197027804
6.1580903284406
45.9197127804
6.1580903284406
45.9197227804
6.1580903284406
45.9197327804
6.1580903284406
45.9197427804
6.1580903284406
45.9197527804
6.1580903284406
45.9197627804
6.1580903284406
45.9197727804
6.1580903284406
45.919782780401
6.1580903284406
45.919792780401
6.1580903284406
45.919802780401
6.1580903284406
45.919812780401
6.1580903284406
45.919822780401
6.1580903284406
45.919832780401
6.1580903284406
45.919842780401
6.1580903284406
45.919852780401
6.1580903284406
45.919862780401
6.1580903284406
45.919872780401
6.1580903284406
45.919882780401
6.1580903284406
45.919892780401
6.1580903284406
45.919902780401
6.1580903284406
45.919912780401
6.1580903284406
45.919922780401
6.1580903284406
45.919932780401
6.1580903284406
45.919942780401
6.1580903284406
45.919952780401
6.1580903284406
45.919962780401
6.1580903284406
45.919972780401
6.1580903284406
45.919982780401
6.1580903284406
45.919992780401
6.1580903284406
45.920002780401
6.1580903284406
45.920012780401
6.1580903284406
45.920022780401
6.1580903284406
45.920032780401
6.1580903284406
45.920042780401
6.1580903284406
45.920052780401
6.1580903284406
45.920062780401
6.1580903284406
45.920072780401
6.1580903284406
45.920082780401
6.1580903284406
45.920092780401
6.1580903284406
45.920102780401
6.1580903284406
45.920112780401
6.1580903284406
45.920122780401
6.1580903284406
45.920132780401
6.1580903284406
45.920142780401
6.1580903284406
45.920152780401
6.1580903284406
45.920162780401
6.1580903284406
45.920172780401
6.1580903284406
45.92017278040063
6.1580903284406
45.920182780401
6.1580903284406
45.920182780401
6.1580803284406
45.920182780401
6.1580703284406
45.920182780401
6.1580603284406
45.920182780401
6.1580503284406
45.920182780401
6.1580403284406
45.920182780401
6.1580303284406
45.920182780401
6.1580256909978
45.92017278040063
6.1580256909978
45.920162780401
6.1580256909978
45.920152780401
6.1580256909978
45.920142780401
6.1580256909978
45.920132780401
6.1580256909978
45.920122780401
6.1580256909978
45.920112780401
6.1580256909978
45.920102780401
6.1580256909978
45.920092780401
6.1580256909978
45.920082780401
6.1580256909978
45.920072780401
6.1580256909978
45.920062780401
6.1580256909978
45.920052780401
6.1580256909978
45.920042780401
6.1580256909978
45.920032780401
6.1580256909978
45.920022780401
6.1580256909978
45.920012780401
6.1580256909978
45.920002780401
6.1580256909978
45.919992780401
6.1580256909978
45.919982780401
6.1580256909978
45.919972780401
6.1580256909978
45.919962780401
6.1580256909978
45.919952780401
6.1580256909978
45.919942780401
6.1580256909978
45.919932780401
6.1580256909978
45.919922780401
6.1580256909978
45.919912780401
6.1580256909978
45.919902780401
6.1580256909978
45.919892780401
6.1580256909978
45.919882780401
6.1580256909978
45.919872780401
6.1580256909978
45.919862780401
6.1580256909978
45.919852780401
6.1580256909978
45.919842780401
6.1580256909978
45.919832780401
6.1580256909978
45.919822780401
6.1580256909978
45.919812780401
6.1580256909978
45.919802780401
6.1580256909978
45.919792780401
6.1580256909978
45.919782780401
6.1580256909978
45.9197727804
6.1580256909978
45.9197627804
6.1580256909978
45.9197527804
6.1580256909978
45.9197427804
6.1580256909978
45.9197327804
6.1580256909978
45.9197227804
6.1580256909978
45.9197127804
6.1580256909978
45.9197027804
6.1580256909978
45.9196927804
6.1580256909978
45.9196827804
6.1580256909978
45.9196727804
6.1580256909978
45.9196627804
6.1580256909978
45.9196527804
6.1580256909978
45.9196427804
6.1580256909978
45.9196327804
6.1580256909978
45.9196227804
6.1580256909978
45.9196127804
6.1580256909978
45.9196027804
6.1580256909978
45.9195927804
6.1580256909978
45.9195827804
6.1580256909978
45.9195727804
6.1580256909978
45.9195627804
6.1580256909978
45.9195527804
6.1580256909978
45.9195427804
6.1580256909978
45.9195327804
6.1580256909978
45.9195227804
6.1580256909978
45.9195127804
6.1580256909978
45.9195027804
6.1580256909978
45.9194927804
6.1580256909978
45.9194827804
6.1580256909978
45.9194727804
6.1580256909978
45.9194627804
6.1580256909978
45.9194527804
6.1580256909978
45.9194427804
6.1580256909978
45.9194327804
6.1580256909978
45.9194227804
6.1580256909978
45.9194127804
6.1580256909978
45.9194027804
6.1580256909978
45.9193927804
6.1580256909978
45.9193827804
6.1580256909978
45.9193727804
6.1580256909978
45.9193627804
6.1580256909978
45.9193527804
6.1580256909978
45.9193427804
6.1580256909978
45.9193327804
6.1580256909978
45.9193227804
6.1580256909978
45.9193127804
6.1580256909978
45.9193027804
6.1580256909978
45.9192927804
6.1580256909978
45.9192827804
6.1580256909978
45.9192727804
6.1580256909978
45.9192627804
6.1580256909978
45.9192527804
6.1580256909978
45.9192427804
6.1580256909978
45.9192327804
6.1580256909978
45.9192227804
6.1580256909978
45.9192127804
6.1580256909978
45.9192027804
6.1580256909978
45.9191927804
6.1580256909978
45.9191827804
6.1580256909978
45.9191727804
6.1580256909978
45.9191627804
6.1580256909978
45.9191627804
6.1580156909978
45.9191627804
6.1580056909978
45.9191627804
6.1579956909978
45.9191627804
6.1579856909978
45.9191627804
6.1579756909978
45.9191627804
6.1579656909978
45.9191627804
6.1579610535549
45.9191627804
6.1579610535549
45.9191727804
6.1579610535549
45.9191827804
6.1579610535549
45.9191927804
6.1579610535549
45.9192027804
6.1579610535549
45.9192127804
6.1579610535549
45.9192227804
6.1579610535549
45.9192327804
6.1579610535549
45.9192427804
6.1579610535549
45.9192527804
6.1579610535549
45.9192627804
6.1579610535549
45.9192727804
6.1579610535549
45.9192827804
6.1579610535549
45.9192927804
6.1579610535549
45.9193027804
6.1579610535549
45.9193127804
6.1579610535549
45.9193227804
6.1579610535549
45.9193327804
6.1579610535549
45.9193427804
6.1579610535549
45.9193527804
6.1579610535549
45.9193627804
6.1579610535549
45.9193727804
6.1579610535549
45.9193827804
6.1579610535549
45.9193927804
6.1579610535549
45.9194027804
6.1579610535549
45.9194127804
6.1579610535549
45.9194227804
6.1579610535549
45.9194327804
6.1579610535549
45.9194427804
6.1579610535549
45.9194527804
6.1579610535549
45.9194627804
6.1579610535549
45.9194727804
6.1579610535549
45.9194827804
6.1579610535549
45.9194927804
6.1579610535549
45.9195027804
6.1579610535549
45.9195127804
6.1579610535549
45.9195227804
6.1579610535549
45.9195327804
6.1579610535549
45.9195427804
6.1579610535549
45.9195527804
6.1579610535549
45.9195627804
6.1579610535549
45.9195727804
6.1579610535549
45.9195827804
6.1579610535549
45.9195927804
6.1579610535549
45.9196027804
6.1579610535549
45.9196127804
6.1579610535549
45.9196227804
6.1579610535549
45.9196327804
6.1579610535549
45.9196427804
6.1579610535549
45.9196527804
6.1579610535549
45.9196627804
6.1579610535549
45.9196727804
6.1579610535549
45.9196827804
6.1579610535549
45.9196927804
6.1579610535549
45.9197027804
6.1579610535549
45.9197127804
6.1579610535549
45.9197227804
6.1579610535549
45.9197327804
6.1579610535549
45.9197427804
6.1579610535549
45.9197527804
6.1579610535549
45.9197627804
6.1579610535549
45.9197727804
6.1579610535549
45.919782780401
6.1579610535549
45.919792780401
6.1579610535549
45.919802780401
6.1579610535549
45.919812780401
6.1579610535549
45.919822780401
6.1579610535549
45.919832780401
6.1579610535549
45.919842780401
6.1579610535549
45.919852780401
6.1579610535549
45.919862780401
6.1579610535549
45.919872780401
6.1579610535549
45.919882780401
6.1579610535549
45.919892780401
6.1579610535549
45.919902780401
6.1579610535549
45.919912780401
6.1579610535549
45.919922780401
6.1579610535549
45.919932780401
6.1579610535549
45.919942780401
6.1579610535549
45.919952780401
6.1579610535549
45.919962780401
6.1579610535549
45.919972780401
6.1579610535549
45.919982780401
6.1579610535549
45.919992780401
6.1579610535549
45.920002780401
6.1579610535549
45.920012780401
6.1579610535549
45.920022780401
6.1579610535549
45.920032780401
6.1579610535549
45.920042780401
6.1579610535549
45.920052780401
6.1579610535549
45.920062780401
6.1579610535549
45.920072780401
6.1579610535549
45.920082780401
6.1579610535549
45.920092780401
6.1579610535549
45.920102780401
6.1579610535549
45.920112780401
6.1579610535549
45.920122780401
6.1579610535549
45.920132780401
6.1579610535549
45.920142780401
6.1579610535549
45.920152780401
6.1579610535549
45.920162780401
6.1579610535549
45.920172780401
6.1579610535549
45.92017278040063
6.1579610535549
45.920182780401
6.1579610535549
45.920182780401
6.1579510535549
45.920182780401
6.1579410535549
45.920182780401
6.1579310535549
45.920182780401
6.1579210535549
45.920182780401
6.1579110535549
45.920182780401
6.1579010535549
45.920182780401
6.1578964161121
45.92017278040063
6.1578964161121
45.920162780401
6.1578964161121
45.920152780401
6.1578964161121
45.920142780401
6.1578964161121
45.920132780401
6.1578964161121
45.920122780401
6.1578964161121
45.920112780401
6.1578964161121
45.920102780401
6.1578964161121
45.920092780401
6.1578964161121
45.920082780401
6.1578964161121
45.920072780401
6.1578964161121
45.920062780401
6.1578964161121
45.920052780401
6.1578964161121
45.920042780401
6.1578964161121
45.920032780401
6.1578964161121
45.920022780401
6.1578964161121
45.920012780401
6.1578964161121
45.920002780401
6.1578964161121
45.919992780401
6.1578964161121
45.919982780401
6.1578964161121
45.919972780401
6.1578964161121
45.919962780401
6.1578964161121
45.919952780401
6.1578964161121
45.919942780401
6.1578964161121
45.919932780401
6.1578964161121
45.919922780401
6.1578964161121
45.919912780401
6.1578964161121
45.919902780401
6.1578964161121
45.919892780401
6.1578964161121
45.919882780401
6.1578964161121
45.919872780401
6.1578964161121
45.919862780401
6.1578964161121
45.919852780401
6.1578964161121
45.919842780401
6.1578964161121
45.919832780401
6.1578964161121
45.919822780401
6.1578964161121
45.919812780401
6.1578964161121
45.919802780401
6.1578964161121
45.919792780401
6.1578964161121
45.919782780401
6.1578964161121
45.9197727804
6.1578964161121
45.9197627804
6.1578964161121
45.9197527804
6.1578964161121
45.9197427804
6.1578964161121
45.9197327804
6.1578964161121
45.9197227804
6.1578964161121
45.9197127804
6.1578964161121
45.9197027804
6.1578964161121
45.9196927804
6.1578964161121
45.9196827804
6.1578964161121
45.9196727804
6.1578964161121
45.9196627804
6.1578964161121
45.9196527804
6.1578964161121
45.9196427804
6.1578964161121
45.9196327804
6.1578964161121
45.9196227804
6.1578964161121
45.9196127804
6.1578964161121
45.9196027804
6.1578964161121
45.9195927804
6.1578964161121
45.9195827804
6.1578964161121
45.9195727804
6.1578964161121
45.9195627804
6.1578964161121
45.9195527804
6.1578964161121
45.9195427804
6.1578964161121
45.9195327804
6.1578964161121
45.9195227804
6.1578964161121
45.9195127804
6.1578964161121
45.9195027804
6.1578964161121
45.9194927804
6.1578964161121
45.9194827804
6.1578964161121
45.9194727804
6.1578964161121
45.9194627804
6.1578964161121
45.9194527804
6.1578964161121
45.9194427804
6.1578964161121
45.9194327804
6.1578964161121
45.9194227804
6.1578964161121
45.9194127804
6.1578964161121
45.9194027804
6.1578964161121
45.9193927804
6.1578964161121
45.9193827804
6.1578964161121
45.9193727804
6.1578964161121
45.9193627804
6.1578964161121
45.9193527804
6.1578964161121
45.9193427804
6.1578964161121
45.9193327804
6.1578964161121
45.9193227804
6.1578964161121
45.9193127804
6.1578964161121
45.9193027804
6.1578964161121
45.9192927804
6.1578964161121
45.9192827804
6.1578964161121
45.9192727804
6.1578964161121
45.9192627804
6.1578964161121
45.9192527804
6.1578964161121
45.9192427804
6.1578964161121
45.9192327804
6.1578964161121
45.9192227804
6.1578964161121
45.9192127804
6.1578964161121
45.9192027804
6.1578964161121
45.9191927804
6.1578964161121
45.9191827804
6.1578964161121
45.9191727804
6.1578964161121
45.9191627804
6.1578964161121
45.9191627804
6.1578864161121
45.9191627804
6.1578764161121
45.9191627804
6.1578664161121
45.9191627804
6.1578564161121
45.9191627804
6.1578464161121
45.9191627804
6.1578364161121
45.9191627804
6.1578317786692
45.9191627804
6.1578317786692
45.9191727804
6.1578317786692
45.9191827804
6.1578317786692
45.9191927804
6.1578317786692
45.9192027804
6.1578317786692
45.9192127804
6.1578317786692
45.9192227804
6.1578317786692
45.9192327804
6.1578317786692
45.9192427804
6.1578317786692
45.9192527804
6.1578317786692
45.9192627804
6.1578317786692
45.9192727804
6.1578317786692
45.9192827804
6.1578317786692
45.9192927804
6.1578317786692
45.9193027804
6.1578317786692
45.9193127804
6.1578317786692
45.9193227804
6.1578317786692
45.9193327804
6.1578317786692
45.9193427804
6.1578317786692
45.9193527804
6.1578317786692
45.9193627804
6.1578317786692
45.9193727804
6.1578317786692
45.9193827804
6.1578317786692
45.9193927804
6.1578317786692
45.9194027804
6.1578317786692
45.9194127804
6.1578317786692
45.9194227804
6.1578317786692
45.9194327804
6.1578317786692
45.9194427804
6.1578317786692
45.9194527804
6.1578317786692
45.9194627804
6.1578317786692
45.9194727804
6.1578317786692
45.9194827804
6.1578317786692
45.9194927804
6.1578317786692
45.9195027804
6.1578317786692
45.9195127804
6.1578317786692
45.9195227804
6.1578317786692
45.9195327804
6.1578317786692
45.9195427804
6.1578317786692
45.9195527804
6.1578317786692
45.9195627804
6.1578317786692
45.9195727804
6.1578317786692
45.9195827804
6.1578317786692
45.9195927804
6.1578317786692
45.9196027804
6.1578317786692
45.9196127804
6.1578317786692
45.9196227804
6.1578317786692
45.9196327804
6.1578317786692
45.9196427804
6.1578317786692
45.9196527804
6.1578317786692
45.9196627804
6.1578317786692
45.9196727804
6.1578317786692
45.9196827804
6.1578317786692
45.9196927804
6.1578317786692
45.9197027804
6.1578317786692
45.9197127804
6.1578317786692
45.9197227804
6.1578317786692
45.9197327804
6.1578317786692
45.9197427804
6.1578317786692
45.9197527804
6.1578317786692
45.9197627804
6.1578317786692
45.9197727804
6.1578317786692
45.919782780401
6.1578317786692
45.919792780401
6.1578317786692
45.919802780401
6.1578317786692
45.919812780401
6.1578317786692
45.919822780401
6.1578317786692
45.919832780401
6.1578317786692
45.919842780401
6.1578317786692
45.919852780401
6.1578317786692
45.919862780401
6.1578317786692
45.919872780401
6.1578317786692
45.919882780401
6.1578317786692
45.919892780401
6.1578317786692
45.919902780401
6.1578317786692
45.919912780401
6.1578317786692
45.919922780401
6.1578317786692
45.919932780401
6.1578317786692
45.919942780401
6.1578317786692
45.919952780401
6.1578317786692
45.919962780401
6.1578317786692
45.919972780401
6.1578317786692
45.919982780401
6.1578317786692
45.919992780401
6.1578317786692
45.920002780401
6.1578317786692
45.920012780401
6.1578317786692
45.920022780401
6.1578317786692
45.920032780401
6.1578317786692
45.920042780401
6.1578317786692
45.920052780401
6.1578317786692
45.920062780401
6.1578317786692
45.920072780401
6.1578317786692
45.920082780401
6.1578317786692
45.920092780401
6.1578317786692
45.920102780401
6.1578317786692
45.920112780401
6.1578317786692
45.920122780401
6.1578317786692
45.920132780401
6.1578317786692
45.920142780401
6.1578317786692
45.920152780401
6.1578317786692
45.920162780401
6.1578317786692
45.920172780401
6.1578317786692
45.92017278040063
6.1578317786692
45.920182780401
6.1578317786692
45.920182780401
6.1578217786692
45.920182780401
6.1578117786692
45.920182780401
6.1578017786692
45.920182780401
6.1577917786692
45.920182780401
6.1577817786692
45.920182780401
6.1577717786692
45.920182780401
6.1577671412263
45.92017278040063
6.1577671412263
45.920162780401
6.1577671412263
45.920152780401
6.1577671412263
45.920142780401
6.1577671412263
45.920132780401
6.1577671412263
45.920122780401
6.1577671412263
45.920112780401
6.1577671412263
45.920102780401
6.1577671412263
45.920092780401
6.1577671412263
45.920082780401
6.1577671412263
45.920072780401
6.1577671412263
45.920062780401
6.1577671412263
45.920052780401
6.1577671412263
45.920042780401
6.1577671412263
45.920032780401
6.1577671412263
45.920022780401
6.1577671412263
45.920012780401
6.1577671412263
45.920002780401
6.1577671412263
45.919992780401
6.1577671412263
45.919982780401
6.1577671412263
45.919972780401
6.1577671412263
45.919962780401
6.1577671412263
45.919952780401
6.1577671412263
45.919942780401
6.1577671412263
45.919932780401
6.1577671412263
45.919922780401
6.1577671412263
45.919912780401
6.1577671412263
45.919902780401
6.1577671412263
45.919892780401
6.1577671412263
45.919882780401
6.1577671412263
45.919872780401
6.1577671412263
45.919862780401
6.1577671412263
45.919852780401
6.1577671412263
45.919842780401
6.1577671412263
45.919832780401
6.1577671412263
45.919822780401
6.1577671412263
45.919812780401
6.1577671412263
45.919802780401
6.1577671412263
45.919792780401
6.1577671412263
45.919782780401
6.1577671412263
45.9197727804
6.1577671412263
45.9197627804
6.1577671412263
45.9197527804
6.1577671412263
45.9197427804
6.1577671412263
45.9197327804
6.1577671412263
45.9197227804
6.1577671412263
45.9197127804
6.1577671412263
45.9197027804
6.1577671412263
45.9196927804
6.1577671412263
45.9196827804
6.1577671412263
45.9196727804
6.1577671412263
45.9196627804
6.1577671412263
45.9196527804
6.1577671412263
45.9196427804
6.1577671412263
45.9196327804
6.1577671412263
45.9196227804
6.1577671412263
45.9196127804
6.1577671412263
45.9196027804
6.1577671412263
45.9195927804
6.1577671412263
45.9195827804
6.1577671412263
45.9195727804
6.1577671412263
45.9195627804
6.1577671412263
45.9195527804
6.1577671412263
45.9195427804
6.1577671412263
45.9195327804
6.1577671412263
45.9195227804
6.1577671412263
45.9195127804
6.1577671412263
45.9195027804
6.1577671412263
45.9194927804
6.1577671412263
45.9194827804
6.1577671412263
45.9194727804
6.1577671412263
45.9194627804
6.1577671412263
45.9194527804
6.1577671412263
45.9194427804
6.1577671412263
45.9194327804
6.1577671412263
45.9194227804
6.1577671412263
45.9194127804
6.1577671412263
45.9194027804
6.1577671412263
45.9193927804
6.1577671412263
45.9193827804
6.1577671412263
45.9193727804
6.1577671412263
45.9193627804
6.1577671412263
45.9193527804
6.1577671412263
45.9193427804
6.1577671412263
45.9193327804
6.1577671412263
45.9193227804
6.1577671412263
45.9193127804
6.1577671412263
45.9193027804
6.1577671412263
45.9192927804
6.1577671412263
45.9192827804
6.1577671412263
45.9192727804
6.1577671412263
45.9192627804
6.1577671412263
45.9192527804
6.1577671412263
45.9192427804
6.1577671412263
45.9192327804
6.1577671412263
45.9192227804
6.1577671412263
45.9192127804
6.1577671412263
45.9192027804
6.1577671412263
45.9191927804
6.1577671412263
45.9191827804
6.1577671412263
45.9191727804
6.1577671412263
45.9191627804
6.1577671412263
45.9191627804
6.1577571412263
45.9191627804
6.1577471412263
45.9191627804
6.1577371412263
45.9191627804
6.1577271412263
45.9191627804
6.1577171412263
45.9191627804
6.1577071412263
45.9191627804
6.1577025037835
45.9191627804
6.1577025037835
45.9191727804
6.1577025037835
45.9191827804
6.1577025037835
45.9191927804
6.1577025037835
45.9192027804
6.1577025037835
45.9192127804
6.1577025037835
45.9192227804
6.1577025037835
45.9192327804
6.1577025037835
45.9192427804
6.1577025037835
45.9192527804
6.1577025037835
45.9192627804
6.1577025037835
45.9192727804
6.1577025037835
45.9192827804
6.1577025037835
45.9192927804
6.1577025037835
45.9193027804
6.1577025037835
45.9193127804
6.1577025037835
45.9193227804
6.1577025037835
45.9193327804
6.1577025037835
45.9193427804
6.1577025037835
45.9193527804
6.1577025037835
45.9193627804
6.1577025037835
45.9193727804
6.1577025037835
45.9193827804
6.1577025037835
45.9193927804
6.1577025037835
45.9194027804
6.1577025037835
45.9194127804
6.1577025037835
45.9194227804
6.1577025037835
45.9194327804
6.1577025037835
45.9194427804
6.1577025037835
45.9194527804
6.1577025037835
45.9194627804
6.1577025037835
45.9194727804
6.1577025037835
45.9194827804
6.1577025037835
45.9194927804
6.1577025037835
45.9195027804
6.1577025037835
45.9195127804
6.1577025037835
45.9195227804
6.1577025037835
45.9195327804
6.1577025037835
45.9195427804
6.1577025037835
45.9195527804
6.1577025037835
45.9195627804
6.1577025037835
45.9195727804
6.1577025037835
45.9195827804
6.1577025037835
45.9195927804
6.1577025037835
45.9196027804
6.1577025037835
45.9196127804
6.1577025037835
45.9196227804
6.1577025037835
45.9196327804
6.1577025037835
45.9196427804
6.1577025037835
45.9196527804
6.1577025037835
45.9196627804
6.1577025037835
45.9196727804
6.1577025037835
45.9196827804
6.1577025037835
45.9196927804
6.1577025037835
45.9197027804
6.1577025037835
45.9197127804
6.1577025037835
45.9197227804
6.1577025037835
45.9197327804
6.1577025037835
45.9197427804
6.1577025037835
45.9197527804
6.1577025037835
45.9197627804
6.1577025037835
45.9197727804
6.1577025037835
45.919782780401
6.1577025037835
45.919792780401
6.1577025037835
45.919802780401
6.1577025037835
45.919812780401
6.1577025037835
45.919822780401
6.1577025037835
45.919832780401
6.1577025037835
45.919842780401
6.1577025037835
45.919852780401
6.1577025037835
45.919862780401
6.1577025037835
45.919872780401
6.1577025037835
45.919882780401
6.1577025037835
45.919892780401
6.1577025037835
45.919902780401
6.1577025037835
45.919912780401
6.1577025037835
45.919922780401
6.1577025037835
45.919932780401
6.1577025037835
45.919942780401
6.1577025037835
45.919952780401
6.1577025037835
45.919962780401
6.1577025037835
45.919972780401
6.1577025037835
45.919982780401
6.1577025037835
45.919992780401
6.1577025037835
45.920002780401
6.1577025037835
45.920012780401
6.1577025037835
45.920022780401
6.1577025037835
45.920032780401
6.1577025037835
45.920042780401
6.1577025037835
45.920052780401
6.1577025037835
45.920062780401
6.1577025037835
45.920072780401
6.1577025037835
45.920082780401
6.1577025037835
45.920092780401
6.1577025037835
45.920102780401
6.1577025037835
45.920112780401
6.1577025037835
45.920122780401
6.1577025037835
45.920132780401
6.1577025037835
45.920142780401
6.1577025037835
45.920152780401
6.1577025037835
45.920162780401
6.1577025037835
45.920172780401
6.1577025037835
45.92017278040063
6.1577025037835
45.920182780401
6.1577025037835
45.920182780401
6.1576925037835
45.920182780401
6.1576825037835
45.920182780401
6.1576725037835
45.920182780401
6.1576625037835
45.920182780401
6.1576525037835
45.920182780401
6.1576425037835
45.920182780401
6.1576378663406
45.92017278040063
6.1576378663406
45.920162780401
6.1576378663406
45.920152780401
6.1576378663406
45.920142780401
6.1576378663406
45.920132780401
6.1576378663406
45.920122780401
6.1576378663406
45.920112780401
6.1576378663406
45.920102780401
6.1576378663406
45.920092780401
6.1576378663406
45.920082780401
6.1576378663406
45.920072780401
6.1576378663406
45.920062780401
6.1576378663406
45.920052780401
6.1576378663406
45.920042780401
6.1576378663406
45.920032780401
6.1576378663406
45.920022780401
6.1576378663406
45.920012780401
6.1576378663406
45.920002780401
6.1576378663406
45.919992780401
6.1576378663406
45.919982780401
6.1576378663406
45.919972780401
6.1576378663406
45.919962780401
6.1576378663406
45.919952780401
6.1576378663406
45.919942780401
6.1576378663406
45.919932780401
6.1576378663406
45.919922780401
6.1576378663406
45.919912780401
6.1576378663406
45.919902780401
6.1576378663406
45.919892780401
6.1576378663406
45.919882780401
6.1576378663406
45.919872780401
6.1576378663406
45.919862780401
6.1576378663406
45.919852780401
6.1576378663406
45.919842780401
6.1576378663406
45.919832780401
6.1576378663406
45.919822780401
6.1576378663406
45.919812780401
6.1576378663406
45.919802780401
6.1576378663406
45.919792780401
6.1576378663406
45.919782780401
6.1576378663406
45.9197727804
6.1576378663406
45.9197627804
6.1576378663406
45.9197527804
6.1576378663406
45.9197427804
6.1576378663406
45.9197327804
6.1576378663406
45.9197227804
6.1576378663406
45.9197127804
6.1576378663406
45.9197027804
6.1576378663406
45.9196927804
6.1576378663406
45.9196827804
6.1576378663406
45.9196727804
6.1576378663406
45.9196627804
6.1576378663406
45.9196527804
6.1576378663406
45.9196427804
6.1576378663406
45.9196327804
6.1576378663406
45.9196227804
6.1576378663406
45.9196127804
6.1576378663406
45.9196027804
6.1576378663406
45.9195927804
6.1576378663406
45.9195827804
6.1576378663406
45.9195727804
6.1576378663406
45.9195627804
6.1576378663406
45.9195527804
6.1576378663406
45.9195427804
6.1576378663406
45.9195327804
6.1576378663406
45.9195227804
6.1576378663406
45.9195127804
6.1576378663406
45.9195027804
6.1576378663406
45.9194927804
6.1576378663406
45.9194827804
6.1576378663406
45.9194727804
6.1576378663406
45.9194627804
6.1576378663406
45.9194527804
6.1576378663406
45.9194427804
6.1576378663406
45.9194327804
6.1576378663406
45.9194227804
6.1576378663406
45.9194127804
6.1576378663406
45.9194027804
6.1576378663406
45.9193927804
6.1576378663406
45.9193827804
6.1576378663406
45.9193727804
6.1576378663406
45.9193627804
6.1576378663406
45.9193527804
6.1576378663406
45.9193427804
6.1576378663406
45.9193327804
6.1576378663406
45.9193227804
6.1576378663406
45.9193127804
6.1576378663406
45.9193027804
6.1576378663406
45.9192927804
6.1576378663406
45.9192827804
6.1576378663406
45.9192727804
6.1576378663406
45.9192627804
6.1576378663406
45.9192527804
6.1576378663406
45.9192427804
6.1576378663406
45.9192327804
6.1576378663406
45.9192227804
6.1576378663406
45.9192127804
6.1576378663406
45.9192027804
6.1576378663406
45.9191927804
6.1576378663406
45.9191827804
6.1576378663406
45.9191727804
6.1576378663406
45.9191627804
6.1576378663406
45.9191627804
6.1576278663406
45.9191627804
6.1576178663406
45.9191627804
6.1576078663406
45.9191627804
6.1575978663406
45.9191627804
6.1575878663406
45.9191627804
6.1575778663406
45.9191627804
6.1575732288978
45.9191627804
6.1575732288978
45.9191727804
6.1575732288978
45.9191827804
6.1575732288978
45.9191927804
6.1575732288978
45.9192027804
6.1575732288978
45.9192127804
6.1575732288978
45.9192227804
6.1575732288978
45.9192327804
6.1575732288978
45.9192427804
6.1575732288978
45.9192527804
6.1575732288978
45.9192627804
6.1575732288978
45.9192727804
6.1575732288978
45.9192827804
6.1575732288978
45.9192927804
6.1575732288978
45.9193027804
6.1575732288978
45.9193127804
6.1575732288978
45.9193227804
6.1575732288978
45.9193327804
6.1575732288978
45.9193427804
6.1575732288978
45.9193527804
6.1575732288978
45.9193627804
6.1575732288978
45.9193727804
6.1575732288978
45.9193827804
6.1575732288978
45.9193927804
6.1575732288978
45.9194027804
6.1575732288978
45.9194127804
6.1575732288978
45.9194227804
6.1575732288978
45.9194327804
6.1575732288978
45.9194427804
6.1575732288978
45.9194527804
6.1575732288978
45.9194627804
6.1575732288978
45.9194727804
6.1575732288978
45.9194827804
6.1575732288978
45.9194927804
6.1575732288978
45.9195027804
6.1575732288978
45.9195127804
6.1575732288978
45.9195227804
6.1575732288978
45.9195327804
6.1575732288978
45.9195427804
6.1575732288978
45.9195527804
6.1575732288978
45.9195627804
6.1575732288978
45.9195727804
6.1575732288978
45.9195827804
6.1575732288978
45.9195927804
6.1575732288978
45.9196027804
6.1575732288978
45.9196127804
6.1575732288978
45.9196227804
6.1575732288978
45.9196327804
6.1575732288978
45.9196427804
6.1575732288978
45.9196527804
6.1575732288978
45.9196627804
6.1575732288978
45.9196727804
6.1575732288978
45.9196827804
6.1575732288978
45.9196927804
6.1575732288978
45.9197027804
6.1575732288978
45.9197127804
6.1575732288978
45.9197227804
6.1575732288978
45.9197327804
6.1575732288978
45.9197427804
6.1575732288978
45.9197527804
6.1575732288978
45.9197627804
6.1575732288978
45.9197727804
6.1575732288978
45.919782780401
6.1575732288978
45.919792780401
6.1575732288978
45.919802780401
6.1575732288978
45.919812780401
6.1575732288978
45.919822780401
6.1575732288978
45.919832780401
6.1575732288978
45.919842780401
6.1575732288978
45.919852780401
6.1575732288978
45.919862780401
6.1575732288978
45.919872780401
6.1575732288978
45.919882780401
6.1575732288978
45.919892780401
6.1575732288978
45.919902780401
6.1575732288978
45.919912780401
6.1575732288978
45.919922780401
6.1575732288978
45.919932780401
6.1575732288978
45.919942780401
6.1575732288978
45.919952780401
6.1575732288978
45.919962780401
6.1575732288978
45.919972780401
6.1575732288978
45.919982780401
6.1575732288978
45.919992780401
6.1575732288978
45.920002780401
6.1575732288978
45.920012780401
6.1575732288978
45.920022780401
6.1575732288978
45.920032780401
6.1575732288978
45.920042780401
6.1575732288978
45.920052780401
6.1575732288978
45.920062780401
6.1575732288978
45.920072780401
6.1575732288978
45.920082780401
6.1575732288978
45.920092780401
6.1575732288978
45.920102780401
6.1575732288978
45.920112780401
6.1575732288978
45.920122780401
6.1575732288978
45.920132780401
6.1575732288978
45.920142780401
6.1575732288978
45.920152780401
6.1575732288978
45.920162780401
6.1575732288978
45.920172780401
6.1575732288978
45.92017278040063
6.1575732288978
45.920182780401
6.1575732288978
45.920182780401
6.1575632288978
45.920182780401
6.1575532288978
45.920182780401
6.1575432288978
45.920182780401
6.1575332288978
45.920182780401
6.1575232288978
45.920182780401
6.1575132288978
45.920182780401
6.1575085914549
45.92017278040063
6.1575085914549
45.920162780401
6.1575085914549
45.920152780401
6.1575085914549
45.920142780401
6.1575085914549
45.920132780401
6.1575085914549
45.920122780401
6.1575085914549
45.920112780401
6.1575085914549
45.920102780401
6.1575085914549
45.920092780401
6.1575085914549
45.920082780401
6.1575085914549
45.920072780401
6.1575085914549
45.920062780401
6.1575085914549
45.920052780401
6.1575085914549
45.920042780401
6.1575085914549
45.920032780401
6.1575085914549
45.920022780401
6.1575085914549
45.920012780401
6.1575085914549
45.920002780401
6.1575085914549
45.919992780401
6.1575085914549
45.919982780401
6.1575085914549
45.919972780401
6.1575085914549
45.919962780401
6.1575085914549
45.919952780401
6.1575085914549
45.919942780401
6.1575085914549
45.919932780401
6.1575085914549
45.919922780401
6.1575085914549
45.919912780401
6.1575085914549
45.919902780401
6.1575085914549
45.919892780401
6.1575085914549
45.919882780401
6.1575085914549
45.919872780401
6.1575085914549
45.919862780401
6.1575085914549
45.919852780401
6.1575085914549
45.919842780401
6.1575085914549
45.919832780401
6.1575085914549
45.919822780401
6.1575085914549
45.919812780401
6.1575085914549
45.919802780401
6.1575085914549
45.919792780401
6.1575085914549
45.919782780401
6.1575085914549
45.9197727804
6.1575085914549
45.9197627804
6.1575085914549
45.9197527804
6.1575085914549
45.9197427804
6.1575085914549
45.9197327804
6.1575085914549
45.9197227804
6.1575085914549
45.9197127804
6.1575085914549
45.9197027804
6.1575085914549
45.9196927804
6.1575085914549
45.9196827804
6.1575085914549
45.9196727804
6.1575085914549
45.9196627804
6.1575085914549
45.9196527804
6.1575085914549
45.9196427804
6.1575085914549
45.9196327804
6.1575085914549
45.9196227804
6.1575085914549
45.9196127804
6.1575085914549
45.9196027804
6.1575085914549
45.9195927804
6.1575085914549
45.9195827804
6.1575085914549
45.9195727804
6.1575085914549
45.9195627804
6.1575085914549
45.9195527804
6.1575085914549
45.9195427804
6.1575085914549
45.9195327804
6.1575085914549
45.9195227804
6.1575085914549
45.9195127804
6.1575085914549
45.9195027804
6.1575085914549
45.9194927804
6.1575085914549
45.9194827804
6.1575085914549
45.9194727804
6.1575085914549
45.9194627804
6.1575085914549
45.9194527804
6.1575085914549
45.9194427804
6.1575085914549
45.9194327804
6.1575085914549
45.9194227804
6.1575085914549
45.9194127804
6.1575085914549
45.9194027804
6.1575085914549
45.9193927804
6.1575085914549
45.9193827804
6.1575085914549
45.9193727804
6.1575085914549
45.9193627804
6.1575085914549
45.9193527804
6.1575085914549
45.9193427804
6.1575085914549
45.9193327804
6.1575085914549
45.9193227804
6.1575085914549
45.9193127804
6.1575085914549
45.9193027804
6.1575085914549
45.9192927804
6.1575085914549
45.9192827804
6.1575085914549
45.9192727804
6.1575085914549
45.9192627804
6.1575085914549
45.9192527804
6.1575085914549
45.9192427804
6.1575085914549
45.9192327804
6.1575085914549
45.9192227804
6.1575085914549
45.9192127804
6.1575085914549
45.9192027804
6.1575085914549
45.9191927804
6.1575085914549
45.9191827804
6.1575085914549
45.9191727804
6.1575085914549
45.9191627804
6.1575085914549
45.9191627804
6.1574985914549
45.9191627804
6.1574885914549
45.9191627804
6.1574785914549
45.9191627804
6.1574685914549
45.9191627804
6.1574585914549
45.9191627804
6.1574485914549
45.9191627804
6.157443954012
45.9191627804
6.157443954012
45.9191727804
6.157443954012
45.9191827804
6.157443954012
45.9191927804
6.157443954012
45.9192027804
6.157443954012
45.9192127804
6.157443954012
45.9192227804
6.157443954012
45.9192327804
6.157443954012
45.9192427804
6.157443954012
45.9192527804
6.157443954012
45.9192627804
6.157443954012
45.9192727804
6.157443954012
45.9192827804
6.157443954012
45.9192927804
6.157443954012
45.9193027804
6.157443954012
45.9193127804
6.157443954012
45.9193227804
6.157443954012
45.9193327804
6.157443954012
45.9193427804
6.157443954012
45.9193527804
6.157443954012
45.9193627804
6.157443954012
45.9193727804
6.157443954012
45.9193827804
6.157443954012
45.9193927804
6.157443954012
45.9194027804
6.157443954012
45.9194127804
6.157443954012
45.9194227804
6.157443954012
45.9194327804
6.157443954012
45.9194427804
6.157443954012
45.9194527804
6.157443954012
45.9194627804
6.157443954012
45.9194727804
6.157443954012
45.9194827804
6.157443954012
45.9194927804
6.157443954012
45.9195027804
6.157443954012
45.9195127804
6.157443954012
45.9195227804
6.157443954012
45.9195327804
6.157443954012
45.9195427804
6.157443954012
45.9195527804
6.157443954012
45.9195627804
6.157443954012
45.9195727804
6.157443954012
45.9195827804
6.157443954012
45.9195927804
6.157443954012
45.9196027804
6.157443954012
45.9196127804
6.157443954012
45.9196227804
6.157443954012
45.9196327804
6.157443954012
45.9196427804
6.157443954012
45.9196527804
6.157443954012
45.9196627804
6.157443954012
45.9196727804
6.157443954012
45.9196827804
6.157443954012
45.9196927804
6.157443954012
45.9197027804
6.157443954012
45.9197127804
6.157443954012
45.9197227804
6.157443954012
45.9197327804
6.157443954012
45.9197427804
6.157443954012
45.9197527804
6.157443954012
45.9197627804
6.157443954012
45.9197727804
6.157443954012
45.919782780401
6.157443954012
45.919792780401
6.157443954012
45.919802780401
6.157443954012
45.919812780401
6.157443954012
45.919822780401
6.157443954012
45.919832780401
6.157443954012
45.919842780401
6.157443954012
45.919852780401
6.157443954012
45.919862780401
6.157443954012
45.919872780401
6.157443954012
45.919882780401
6.157443954012
45.919892780401
6.157443954012
45.919902780401
6.157443954012
45.919912780401
6.157443954012
45.919922780401
6.157443954012
45.919932780401
6.157443954012
45.919942780401
6.157443954012
45.919952780401
6.157443954012
45.919962780401
6.157443954012
45.919972780401
6.157443954012
45.919982780401
6.157443954012
45.919992780401
6.157443954012
45.920002780401
6.157443954012
45.920012780401
6.157443954012
45.920022780401
6.157443954012
45.920032780401
6.157443954012
45.920042780401
6.157443954012
45.920052780401
6.157443954012
45.920062780401
6.157443954012
45.920072780401
6.157443954012
45.920082780401
6.157443954012
45.920092780401
6.157443954012
45.920102780401
6.157443954012
45.920112780401
6.157443954012
45.920122780401
6.157443954012
45.920132780401
6.157443954012
45.920142780401
6.157443954012
45.920152780401
6.157443954012
45.920162780401
6.157443954012
45.920172780401
6.157443954012
45.92017278040063
6.157443954012
45.920182780401
6.157443954012
45.920182780401
6.157433954012
45.920182780401
6.157423954012
45.920182780401
6.157413954012
45.920182780401
6.1574039540121
45.920182780401
6.1573939540121
45.920182780401
6.1573839540121
45.920182780401
6.1573793165692
45.92017278040063
6.1573793165692
45.920162780401
6.1573793165692
45.920152780401
6.1573793165692
45.920142780401
6.1573793165692
45.920132780401
6.1573793165692
45.920122780401
6.1573793165692
45.920112780401
6.1573793165692
45.920102780401
6.1573793165692
45.920092780401
6.1573793165692
45.920082780401
6.1573793165692
45.920072780401
6.1573793165692
45.920062780401
6.1573793165692
45.920052780401
6.1573793165692
45.920042780401
6.1573793165692
45.920032780401
6.1573793165692
45.920022780401
6.1573793165692
45.920012780401
6.1573793165692
45.920002780401
6.1573793165692
45.919992780401
6.1573793165692
45.919982780401
6.1573793165692
45.919972780401
6.1573793165692
45.919962780401
6.1573793165692
45.919952780401
6.1573793165692
45.919942780401
6.1573793165692
45.919932780401
6.1573793165692
45.919922780401
6.1573793165692
45.919912780401
6.1573793165692
45.919902780401
6.1573793165692
45.919892780401
6.1573793165692
45.919882780401
6.1573793165692
45.919872780401
6.1573793165692
45.919862780401
6.1573793165692
45.919852780401
6.1573793165692
45.919842780401
6.1573793165692
45.919832780401
6.1573793165692
45.919822780401
6.1573793165692
45.919812780401
6.1573793165692
45.919802780401
6.1573793165692
45.919792780401
6.1573793165692
45.919782780401
6.1573793165692
45.9197727804
6.1573793165692
45.9197627804
6.1573793165692
45.9197527804
6.1573793165692
45.9197427804
6.1573793165692
45.9197327804
6.1573793165692
45.9197227804
6.1573793165692
45.9197127804
6.1573793165692
45.9197027804
6.1573793165692
45.9196927804
6.1573793165692
45.9196827804
6.1573793165692
45.9196727804
6.1573793165692
45.9196627804
6.1573793165692
45.9196527804
6.1573793165692
45.9196427804
6.1573793165692
45.9196327804
6.1573793165692
45.9196227804
6.1573793165692
45.9196127804
6.1573793165692
45.9196027804
6.1573793165692
45.9195927804
6.1573793165692
45.9195827804
6.1573793165692
45.9195727804
6.1573793165692
45.9195627804
6.1573793165692
45.9195527804
6.1573793165692
45.9195427804
6.1573793165692
45.9195327804
6.1573793165692
45.9195227804
6.1573793165692
45.9195127804
6.1573793165692
45.9195027804
6.1573793165692
45.9194927804
6.1573793165692
45.9194827804
6.1573793165692
45.9194727804
6.1573793165692
45.9194627804
6.1573793165692
45.9194527804
6.1573793165692
45.9194427804
6.1573793165692
45.9194327804
6.1573793165692
45.9194227804
6.1573793165692
45.9194127804
6.1573793165692
45.9194027804
6.1573793165692
45.9193927804
6.1573793165692
45.9193827804
6.1573793165692
45.9193727804
6.1573793165692
45.9193627804
6.1573793165692
45.9193527804
6.1573793165692
45.9193427804
6.1573793165692
45.9193327804
6.1573793165692
45.9193227804
6.1573793165692
45.9193127804
6.1573793165692
45.9193027804
6.1573793165692
45.9192927804
6.1573793165692
45.9192827804
6.1573793165692
45.9192727804
6.1573793165692
45.9192627804
6.1573793165692
45.9192527804
6.1573793165692
45.9192427804
6.1573793165692
45.9192327804
6.1573793165692
45.9192227804
6.1573793165692
45.9192127804
6.1573793165692
45.9192027804
6.1573793165692
45.9191927804
6.1573793165692
45.9191827804
6.1573793165692
45.9191727804
6.1573793165692
45.9191627804
6.1573793165692
45.9191627804
6.1573693165692
45.9191627804
6.1573593165692
45.9191627804
6.1573493165692
45.9191627804
6.1573393165692
45.9191627804
6.1573293165692
45.9191627804
6.1573193165692
45.9191627804
6.1573146791263
45.9191627804
6.1573146791263
45.9191727804
6.1573146791263
45.9191827804
6.1573146791263
45.9191927804
6.1573146791263
45.9192027804
6.1573146791263
45.9192127804
6.1573146791263
45.9192227804
6.1573146791263
45.9192327804
6.1573146791263
45.9192427804
6.1573146791263
45.9192527804
6.1573146791263
45.9192627804
6.1573146791263
45.9192727804
6.1573146791263
45.9192827804
6.1573146791263
45.9192927804
6.1573146791263
45.9193027804
6.1573146791263
45.9193127804
6.1573146791263
45.9193227804
6.1573146791263
45.9193327804
6.1573146791263
45.9193427804
6.1573146791263
45.9193527804
6.1573146791263
45.9193627804
6.1573146791263
45.9193727804
6.1573146791263
45.9193827804
6.1573146791263
45.9193927804
6.1573146791263
45.9194027804
6.1573146791263
45.9194127804
6.1573146791263
45.9194227804
6.1573146791263
45.9194327804
6.1573146791263
45.9194427804
6.1573146791263
45.9194527804
6.1573146791263
45.9194627804
6.1573146791263
45.9194727804
6.1573146791263
45.9194827804
6.1573146791263
45.9194927804
6.1573146791263
45.9195027804
6.1573146791263
45.9195127804
6.1573146791263
45.9195227804
6.1573146791263
45.9195327804
6.1573146791263
45.9195427804
6.1573146791263
45.9195527804
6.1573146791263
45.9195627804
6.1573146791263
45.9195727804
6.1573146791263
45.9195827804
6.1573146791263
45.9195927804
6.1573146791263
45.9196027804
6.1573146791263
45.9196127804
6.1573146791263
45.9196227804
6.1573146791263
45.9196327804
6.1573146791263
45.9196427804
6.1573146791263
45.9196527804
6.1573146791263
45.9196627804
6.1573146791263
45.9196727804
6.1573146791263
45.9196827804
6.1573146791263
45.9196927804
6.1573146791263
45.9197027804
6.1573146791263
45.9197127804
6.1573146791263
45.9197227804
6.1573146791263
45.9197327804
6.1573146791263
45.9197427804
6.1573146791263
45.9197527804
6.1573146791263
45.9197627804
6.1573146791263
45.9197727804
6.1573146791263
45.919782780401
6.1573146791263
45.919792780401
6.1573146791263
45.919802780401
6.1573146791263
45.919812780401
6.1573146791263
45.919822780401
6.1573146791263
45.919832780401
6.1573146791263
45.919842780401
6.1573146791263
45.919852780401
6.1573146791263
45.919862780401
6.1573146791263
45.919872780401
6.1573146791263
45.919882780401
6.1573146791263
45.919892780401
6.1573146791263
45.919902780401
6.1573146791263
45.919912780401
6.1573146791263
45.919922780401
6.1573146791263
45.919932780401
6.1573146791263
45.919942780401
6.1573146791263
45.919952780401
6.1573146791263
45.919962780401
6.1573146791263
45.919972780401
6.1573146791263
45.919982780401
6.1573146791263
45.919992780401
6.1573146791263
45.920002780401
6.1573146791263
45.920012780401
6.1573146791263
45.920022780401
6.1573146791263
45.920032780401
6.1573146791263
45.920042780401
6.1573146791263
45.920052780401
6.1573146791263
45.920062780401
6.1573146791263
45.920072780401
6.1573146791263
45.920082780401
6.1573146791263
45.920092780401
6.1573146791263
45.920102780401
6.1573146791263
45.920112780401
6.1573146791263
45.920122780401
6.1573146791263
45.920132780401
6.1573146791263
45.920142780401
6.1573146791263
45.920152780401
6.1573146791263
45.920162780401
6.1573146791263
45.920172780401
6.1573146791263
45.92017278040063
6.1573146791263
45.920182780401
6.1573146791263
45.920182780401
6.1573046791263
45.920182780401
6.1572946791263
45.920182780401
6.1572846791263
45.920182780401
6.1572746791263
45.920182780401
6.1572646791263
45.920182780401
6.1572546791263
45.920182780401
6.1572500416835
45.92017278040063
6.1572500416835
45.920162780401
6.1572500416835
45.920152780401
6.1572500416835
45.920142780401
6.1572500416835
45.920132780401
6.1572500416835
45.920122780401
6.1572500416835
45.920112780401
6.1572500416835
45.920102780401
6.1572500416835
45.920092780401
6.1572500416835
45.920082780401
6.1572500416835
45.920072780401
6.1572500416835
45.920062780401
6.1572500416835
45.920052780401
6.1572500416835
45.920042780401
6.1572500416835
45.920032780401
6.1572500416835
45.920022780401
6.1572500416835
45.920012780401
6.1572500416835
45.920002780401
6.1572500416835
45.919992780401
6.1572500416835
45.919982780401
6.1572500416835
45.919972780401
6.1572500416835
45.919962780401
6.1572500416835
45.919952780401
6.1572500416835
45.919942780401
6.1572500416835
45.919932780401
6.1572500416835
45.919922780401
6.1572500416835
45.919912780401
6.1572500416835
45.919902780401
6.1572500416835
45.919892780401
6.1572500416835
45.919882780401
6.1572500416835
45.919872780401
6.1572500416835
45.919862780401
6.1572500416835
45.919852780401
6.1572500416835
45.919842780401
6.1572500416835
45.919832780401
6.1572500416835
45.919822780401
6.1572500416835
45.919812780401
6.1572500416835
45.919802780401
6.1572500416835
45.919792780401
6.1572500416835
45.919782780401
6.1572500416835
45.9197727804
6.1572500416835
45.9197627804
6.1572500416835
45.9197527804
6.1572500416835
45.9197427804
6.1572500416835
45.9197327804
6.1572500416835
45.9197227804
6.1572500416835
45.9197127804
6.1572500416835
45.9197027804
6.1572500416835
45.9196927804
6.1572500416835
45.9196827804
6.1572500416835
45.9196727804
6.1572500416835
45.9196627804
6.1572500416835
45.9196527804
6.1572500416835
45.9196427804
6.1572500416835
45.9196327804
6.1572500416835
45.9196227804
6.1572500416835
45.9196127804
6.1572500416835
45.9196027804
6.1572500416835
45.9195927804
6.1572500416835
45.9195827804
6.1572500416835
45.9195727804
6.1572500416835
45.9195627804
6.1572500416835
45.9195527804
6.1572500416835
45.9195427804
6.1572500416835
45.9195327804
6.1572500416835
45.9195227804
6.1572500416835
45.9195127804
6.1572500416835
45.9195027804
6.1572500416835
45.9194927804
6.1572500416835
45.9194827804
6.1572500416835
45.9194727804
6.1572500416835
45.9194627804
6.1572500416835
45.9194527804
6.1572500416835
45.9194427804
6.1572500416835
45.9194327804
6.1572500416835
45.9194227804
6.1572500416835
45.9194127804
6.1572500416835
45.9194027804
6.1572500416835
45.9193927804
6.1572500416835
45.9193827804
6.1572500416835
45.9193727804
6.1572500416835
45.9193627804
6.1572500416835
45.9193527804
6.1572500416835
45.9193427804
6.1572500416835
45.9193327804
6.1572500416835
45.9193227804
6.1572500416835
45.9193127804
6.1572500416835
45.9193027804
6.1572500416835
45.9192927804
6.1572500416835
45.9192827804
6.1572500416835
45.9192727804
6.1572500416835
45.9192627804
6.1572500416835
45.9192527804
6.1572500416835
45.9192427804
6.1572500416835
45.9192327804
6.1572500416835
45.9192227804
6.1572500416835
45.9192127804
6.1572500416835
45.9192027804
6.1572500416835
45.9191927804
6.1572500416835
45.9191827804
6.1572500416835
45.9191727804
6.1572500416835
