632.35754394531
45.91946
6.157799600000089
45.91946
6.178756049890126
45.919459
6.178756049890126
45.919458
6.178756049890126
45.919457
6.178756049890126
45.919456
6.178756049890126
45.919455
6.178756049890126
45.919454
6.178756049890126
45.919453
6.178756049890126
45.919452
6.178756049890126
45.919451
6.178756049890126
45.91945
6.178756049890126
45.919449
6.178756049890126
45.919448
6.178756049890126
45.919447
6.178756049890126
45.919446
6.178756049890126
45.919445
6.178756049890126
45.919444
6.178756049890126
45.919443
6.178756049890126
45.919442
6.178756049890126
45.919441
6.178756049890126
45.91944
6.178756049890126
45.919439
6.178756049890126
45.919438
6.178756049890126
45.919437
6.178756049890126
45.919436
6.178756049890126
45.919435
6.178756049890126
45.919434
6.178756049890126
45.919433
6.178756049890126
45.919432
6.178756049890126
45.919431
6.178756049890126
45.91943
6.178756049890126
45.919429
6.178756049890126
45.919428
6.178756049890126
45.919427
6.178756049890126
45.919426
6.178756049890126
45.919425
6.178756049890126
45.919424
6.178756049890126
45.919423
6.178756049890126
45.919422
6.178756049890126
45.919421
6.178756049890126
45.91942
6.178756049890126
45.919419
6.178756049890126
45.919418
6.178756049890126
45.919417
6.178756049890126
45.919416
6.178756049890126
45.919415
6.178756049890126
45.919414
6.178756049890126
45.919413
6.178756049890126
45.919412
6.178756049890126
45.919411
6.178756049890126
45.91941
6.178756049890126
45.919409
6.178756049890126
45.919408
6.178756049890126
45.919407
6.178756049890126
45.919406
6.178756049890126
45.919405
6.178756049890126
45.919404
6.178756049890126
45.919403
6.178756049890126
45.919402
6.178756049890126
45.919401
6.178756049890126
45.9194
6.178756049890126
45.919399
6.178756049890126
45.919398
6.178756049890126
45.919397
6.178756049890126
45.919396
6.178756049890126
45.919395
6.178756049890126
45.919394
6.178756049890126
45.919393
6.178756049890126
45.919392
6.178756049890126
45.919391
6.178756049890126
45.91939
6.178756049890126
45.919389
6.178756049890126
45.919388
6.178756049890126
45.919387
6.178756049890126
45.919386
6.178756049890126
45.919385
6.178756049890126
45.919384
6.178756049890126
45.919383
6.178756049890126
45.919382
6.178756049890126
45.919381
6.178756049890126
45.91938
6.178756049890126
45.919379
6.178756049890126
45.919378
6.178756049890126
45.919377
6.178756049890126
45.919376
6.178756049890126
45.919375
6.178756049890126
45.919374
6.178756049890126
45.919373
6.178756049890126
45.919372
6.178756049890126
45.919371
6.178756049890126
45.91937
6.178756049890126
45.919369
6.178756049890126
45.919368
6.178756049890126
45.919367
6.178756049890126
45.919366
6.178756049890126
45.919365
6.178756049890126
45.919364
6.178756049890126
45.919363
6.178756049890126
45.919362
6.178756049890126
45.919361
6.178756049890126
45.91936
6.178756049890126
45.919359
6.178756049890126
45.919358
6.178756049890126
45.919357
6.178756049890126
45.919356
6.178756049890126
45.919355
6.178756049890126
45.919354
6.178756049890126
45.919353
6.178756049890126
45.919352
6.178756049890126
45.919351
6.178756049890126
45.91935
6.178756049890126
45.919349
6.178756049890126
45.919348
6.178756049890126
45.919347
6.178756049890126
45.919346
6.178756049890126
45.919345
6.178756049890126
45.919344
6.178756049890126
45.919343
6.178756049890126
45.919342
6.178756049890126
45.919341
6.178756049890126
45.91934
6.178756049890126
45.919339
6.178756049890126
45.919338
6.178756049890126
45.919337
6.178756049890126
45.919336
6.178756049890126
45.919335
6.178756049890126
45.919334
6.178756049890126
45.919333
6.178756049890126
45.919332
6.178756049890126
45.919331
6.178756049890126
45.91933
6.178756049890126
45.919329
6.178756049890126
45.919328
6.178756049890126
45.919327
6.178756049890126
45.919326
6.178756049890126
45.919325
6.178756049890126
45.919324
6.178756049890126
45.919323
6.178756049890126
45.919322
6.178756049890126
45.919321
6.178756049890126
45.91932
6.178756049890126
45.919319
6.178756049890126
45.919318
6.178756049890126
45.919317
6.178756049890126
45.919316
6.178756049890126
45.919315
6.178756049890126
45.919314
6.178756049890126
45.919313
6.178756049890126
45.919312
6.178756049890126
45.919311
6.178756049890126
45.91931
6.178756049890126
45.919309
6.178756049890126
45.919308
6.178756049890126
45.919307
6.178756049890126
45.919306
6.178756049890126
45.919305
6.178756049890126
45.919304
6.178756049890126
45.919303
6.178756049890126
45.919302
6.178756049890126
45.919301
6.178756049890126
45.9193
6.178756049890126
45.919299
6.178756049890126
45.919298
6.178756049890126
45.919297
6.178756049890126
45.919296
6.178756049890126
45.919295
6.178756049890126
45.919294
6.178756049890126
45.919293
6.178756049890126
45.919292
6.178756049890126
45.919291
6.178756049890126
45.91929
6.178756049890126
45.919289
6.178756049890126
45.919288
6.178756049890126
45.919287
6.178756049890126
45.919286
6.178756049890126
45.919285
6.178756049890126
45.919284
6.178756049890126
45.919283
6.178756049890126
45.919282
6.178756049890126
45.919281
6.178756049890126
45.91928
6.178756049890126
45.919279
6.178756049890126
45.919278
6.178756049890126
45.919277
6.178756049890126
45.919276
6.178756049890126
45.919275
6.178756049890126
45.919274
6.178756049890126
45.919273
6.178756049890126
45.919272
6.178756049890126
45.919271
6.178756049890126
45.91927
6.178756049890126
45.919269
6.178756049890126
45.919268
6.178756049890126
45.919267
6.178756049890126
45.919266
6.178756049890126
45.919265
6.178756049890126
45.919264
6.178756049890126
45.919263
6.178756049890126
45.919262000001
6.178756049890126
45.919261000001
6.178756049890126
45.919260000001
6.178756049890126
45.919259000001
6.178756049890126
45.919258000001
6.178756049890126
45.919257000001
6.178756049890126
45.919256000001
6.178756049890126
45.919255000001
6.178756049890126
45.919254000001
6.178756049890126
45.919253000001
6.178756049890126
45.919252000001
6.178756049890126
45.919251000001
6.178756049890126
45.919250000001
6.178756049890126
45.919249000001
6.178756049890126
45.919248000001
6.178756049890126
45.919247000001
6.178756049890126
45.919246000001
6.178756049890126
45.919245000001
6.178756049890126
45.919244000001
6.178756049890126
45.919243000001
6.178756049890126
45.919242000001
6.178756049890126
45.919241000001
6.178756049890126
45.919240000001
6.178756049890126
45.919239896253
6.178756049890126
45.919239896253
6.178756049890126
45.919238896253
6.178756049890126
45.919237896253
6.178756049890126
45.919236896253
6.178756049890126
45.919235896253
6.178756049890126
45.919234896253
6.178756049890126
45.919233896253
6.178756049890126
45.919232896253
6.178756049890126
45.919231896253
6.178756049890126
45.919230896253
6.178756049890126
45.919229896253
6.178756049890126
45.919228896253
6.178756049890126
45.919227896253
6.178756049890126
45.919226896253
6.178756049890126
45.919225896253
6.178756049890126
45.919224896253
6.178756049890126
45.919223896253
6.178756049890126
45.919222896253
6.178756049890126
45.919221896253
6.178756049890126
45.919220896253
6.178756049890126
45.919219896253
6.178756049890126
45.919218896253
6.178756049890126
45.919217896253
6.178756049890126
45.919216896253
6.178756049890126
45.919215896253
6.178756049890126
45.919214896253
6.178756049890126
45.919213896253
6.178756049890126
45.919212896253
6.178756049890126
45.919211896253
6.178756049890126
45.919210896253
6.178756049890126
45.919209896253
6.178756049890126
45.919208896253
6.178756049890126
45.919207896253
6.178756049890126
45.919206896253
6.178756049890126
45.919205896253
6.178756049890126
45.919204896253
6.178756049890126
45.919203896253
6.178756049890126
45.919202896253
6.178756049890126
45.919201896253
6.178756049890126
45.919200896253
6.178756049890126
45.919199896253
6.178756049890126
45.919198896253
6.178756049890126
45.919197896253
6.178756049890126
45.919196896253
6.178756049890126
45.919195896253
6.178756049890126
45.919194896253
6.178756049890126
45.919193896253
6.178756049890126
45.919192896253
6.178756049890126
45.919191896253
6.178756049890126
45.919190896253
6.178756049890126
45.919189896253
6.178756049890126
45.919188896253
6.178756049890126
45.919187896253
6.178756049890126
45.919186896253
6.178756049890126
45.919185896254
6.178756049890126
45.919184896254
6.178756049890126
45.919183896254
6.178756049890126
45.919182896254
6.178756049890126
45.919181896254
6.178756049890126
45.919180896254
6.178756049890126
45.919179896254
6.178756049890126
45.919178896254
6.178756049890126
45.919177896254
6.178756049890126
45.919176896254
6.178756049890126
45.919175896254
6.178756049890126
45.919174896254
6.178756049890126
45.919173896254
6.178756049890126
45.919172896254
6.178756049890126
45.919171896254
6.178756049890126
45.919170896254
6.178756049890126
45.919169896254
6.178756049890126
45.919168896254
6.178756049890126
45.919167896254
6.178756049890126
45.919166896254
6.178756049890126
45.919165896254
6.178756049890126
45.919164896254
6.178756049890126
45.919163896254
6.178756049890126
45.919162896254
6.178756049890126
45.919161896254
6.178756049890126
45.919160896254
6.178756049890126
45.919159896254
6.178756049890126
45.919158896254
6.178756049890126
45.919157896254
6.178756049890126
45.919156896254
6.178756049890126
45.919155896254
6.178756049890126
45.919154896254
6.178756049890126
45.919153896254
6.178756049890126
45.919152896254
6.178756049890126
45.919151896254
6.178756049890126
45.919150896254
6.178756049890126
45.919149896254
6.178756049890126
45.919148896254
6.178756049890126
45.919147896254
6.178756049890126
45.919146896254
6.178756049890126
45.919145896254
6.178756049890126
45.919144896254
6.178756049890126
45.919143896254
6.178756049890126
45.919142896254
6.178756049890126
45.919141896254
6.178756049890126
45.919140896254
6.178756049890126
45.919139896254
6.178756049890126
45.919138896254
6.178756049890126
45.919137896254
6.178756049890126
45.919136896254
6.178756049890126
45.919135896254
6.178756049890126
45.919134896254
6.178756049890126
45.919133896254
6.178756049890126
45.919132896254
6.178756049890126
45.919131896254
6.178756049890126
45.919130896254
6.178756049890126
45.919129896254
6.178756049890126
45.919128896254
6.178756049890126
45.919127896254
6.178756049890126
45.919126896254
6.178756049890126
45.919125896254
6.178756049890126
45.919124896254
6.178756049890126
45.919123896254
6.178756049890126
45.919122896254
6.178756049890126
45.919121896254
6.178756049890126
45.919120896254
6.178756049890126
45.919119896254
6.178756049890126
45.919118896254
6.178756049890126
45.919117896254
6.178756049890126
45.919116896254
6.178756049890126
45.919115896254
6.178756049890126
45.919114896254
6.178756049890126
45.919113896254
6.178756049890126
45.919112896254
6.178756049890126
45.919111896254
6.178756049890126
45.919110896254
6.178756049890126
45.919109896254
6.178756049890126
45.919108896254
6.178756049890126
45.919107896254
6.178756049890126
45.919106896254
6.178756049890126
45.919105896254
6.178756049890126
45.919104896254
6.178756049890126
45.919103896254
6.178756049890126
45.919102896254
6.178756049890126
45.919101896254
6.178756049890126
45.919100896254
6.178756049890126
45.919099896254
6.178756049890126
45.919098896254
6.178756049890126
45.919097896254
6.178756049890126
45.919096896254
6.178756049890126
45.919095896254
6.178756049890126
45.919094896254
6.178756049890126
45.919093896254
6.178756049890126
45.919092896254
6.178756049890126
45.919091896254
6.178756049890126
45.919090896254
6.178756049890126
45.919089896254
6.178756049890126
45.919088896254
6.178756049890126
45.919087896254
6.178756049890126
45.919086896254
6.178756049890126
45.919085896254
6.178756049890126
45.919084896254
6.178756049890126
45.919083896254
6.178756049890126
45.919082896254
6.178756049890126
45.919081896254
6.178756049890126
45.919080896254
6.178756049890126
45.919079896254
6.178756049890126
45.919078896254
6.178756049890126
45.919077896254
6.178756049890126
45.919076896254
6.178756049890126
45.919075896254
6.178756049890126
45.919074896254
6.178756049890126
45.919073896254
6.178756049890126
45.919072896254
6.178756049890126
45.919071896254
6.178756049890126
45.919070896254
6.178756049890126
45.919069896254
6.178756049890126
45.919068896254
6.178756049890126
45.919067896254
6.178756049890126
45.919066896254
6.178756049890126
45.919065896254
6.178756049890126
45.919064896254
6.178756049890126
45.919063896254
6.178756049890126
45.919062896254
6.178756049890126
45.919061896254
6.178756049890126
45.919060896254
6.178756049890126
45.919059896254
6.178756049890126
45.919058896254
6.178756049890126
45.919057896254
6.178756049890126
45.919056896254
6.178756049890126
45.919055896254
6.178756049890126
45.919054896254
6.178756049890126
45.919053896254
6.178756049890126
45.919052896254
6.178756049890126
45.919051896254
6.178756049890126
45.919050896254
6.178756049890126
45.919049896254
6.178756049890126
45.919048896254
6.178756049890126
45.919047896254
6.178756049890126
45.919046896254
6.178756049890126
45.919045896254
6.178756049890126
45.919044896254
6.178756049890126
45.919043896254
6.178756049890126
45.919042896254
6.178756049890126
45.919041896254
6.178756049890126
45.919040896254
6.178756049890126
45.919039896254
6.178756049890126
45.919038896254
6.178756049890126
45.919037896254
6.178756049890126
45.919036896254
6.178756049890126
45.919035896254
6.178756049890126
45.919034896254
6.178756049890126
45.919033896254
6.178756049890126
45.919032896254
6.178756049890126
45.919031896254
6.178756049890126
45.919030896254
6.178756049890126
45.919029896254
6.178756049890126
45.919028896254
6.178756049890126
45.919027896254
6.178756049890126
45.919026896254
6.178756049890126
45.919025896254
6.178756049890126
45.919024896254
6.178756049890126
45.919023896254
6.178756049890126
45.919022896254
6.178756049890126
45.919021896254
6.178756049890126
45.919020896254
6.178756049890126
45.919019896254
6.178756049890126
45.918578688761
6.178756049890126
45.918577688761
6.178756049890126
45.918576688761
6.178756049890126
45.918575688761
6.178756049890126
45.918574688761
6.178756049890126
45.918573688761
6.178756049890126
45.918572688761
6.178756049890126
45.918571688761
6.178756049890126
45.918570688761
6.178756049890126
45.918569688761
6.178756049890126
45.918568688761
6.178756049890126
45.918567688761
6.178756049890126
45.918566688761
6.178756049890126
45.918565688761
6.178756049890126
45.918564688761
6.178756049890126
45.918563688761
6.178756049890126
45.918562688761
6.178756049890126
45.918561688761
6.178756049890126
45.918560688761
6.178756049890126
45.918559688761
6.178756049890126
45.918558688761
6.178756049890126
45.918557688761
6.178756049890126
45.918556688761
6.178756049890126
45.918555688761
6.178756049890126
45.918554688761
6.178756049890126
45.918553688761
6.178756049890126
45.918552688761
6.178756049890126
45.918551688761
6.178756049890126
45.918550688761
6.178756049890126
45.918549688761
6.178756049890126
45.918548688761
6.178756049890126
45.918547688761
6.178756049890126
45.918546688761
6.178756049890126
45.918545688761
6.178756049890126
45.918544688761
6.178756049890126
45.918543688761
6.178756049890126
45.918542688761
6.178756049890126
45.918541688761
6.178756049890126
45.918540688761
6.178756049890126
45.918539688761
6.178756049890126
45.918538688761
6.178756049890126
45.918537688761
6.178756049890126
45.918536688761
6.178756049890126
45.918535688761
6.178756049890126
45.918534688761
6.178756049890126
45.918533688761
6.178756049890126
45.918532688761
6.178756049890126
45.918531688761
6.178756049890126
45.918530688761
6.178756049890126
45.918529688761
6.178756049890126
45.918528688761
6.178756049890126
45.918527688761
6.178756049890126
45.918526688761
6.178756049890126
45.918525688761
6.178756049890126
45.918524688761
6.178756049890126
45.918523688761
6.178756049890126
45.918522688761
6.178756049890126
45.918521688761
6.178756049890126
45.918520688761
6.178756049890126
45.918519688761
6.178756049890126
45.918518688761
6.178756049890126
45.918517688761
6.178756049890126
45.918516688761
6.178756049890126
45.918515688761
6.178756049890126
45.918514688761
6.178756049890126
45.918513688761
6.178756049890126
45.918512688761
6.178756049890126
45.918511688761
6.178756049890126
45.918510688761
6.178756049890126
45.918509688761
6.178756049890126
45.918508688761
6.178756049890126
45.918507688761
6.178756049890126
45.918506688761
6.178756049890126
45.918505688761
6.178756049890126
45.918504688761
6.178756049890126
45.918503688761
6.178756049890126
45.918502688761
6.178756049890126
45.918501688761
6.178756049890126
45.918500688761
6.178756049890126
45.918499688761
6.178756049890126
45.918498688761
6.178756049890126
45.918497688761
6.178756049890126
45.918496688761
6.178756049890126
45.918495688761
6.178756049890126
45.918494688761
6.178756049890126
45.918493688761
6.178756049890126
45.918492688761
6.178756049890126
45.918491688761
6.178756049890126
45.918490688761
6.178756049890126
45.918489688761
6.178756049890126
45.918488688761
6.178756049890126
45.918487688761
6.178756049890126
45.918486688761
6.178756049890126
45.918485688761
6.178756049890126
45.918484688761
6.178756049890126
45.918483688761
6.178756049890126
45.918482688761
6.178756049890126
45.918481688761
6.178756049890126
45.918480688761
6.178756049890126
45.918479688761
6.178756049890126
45.918478688761
6.178756049890126
45.918477688761
6.178756049890126
45.918476688761
6.178756049890126
45.918475688761
6.178756049890126
45.918474688761
6.178756049890126
45.918473688761
6.178756049890126
45.918472688761
6.178756049890126
45.918471688761
6.178756049890126
45.918470688761
6.178756049890126
45.918469688761
6.178756049890126
45.918468688761
6.178756049890126
45.918467688761
6.178756049890126
45.918466688761
6.178756049890126
45.918465688761
6.178756049890126
45.918464688761
6.178756049890126
45.918463688761
6.178756049890126
45.918462688761
6.178756049890126
45.918461688761
6.178756049890126
45.918460688761
6.178756049890126
45.918459688761
6.178756049890126
45.918458688761
6.178756049890126
45.918457688761
6.178756049890126
45.918456688761
6.178756049890126
45.918455688761
6.178756049890126
45.918454688761
6.178756049890126
45.918453688761
6.178756049890126
45.918452688761
6.178756049890126
45.918451688761
6.178756049890126
45.918450688761
6.178756049890126
45.918449688761
6.178756049890126
45.918448688761
6.178756049890126
45.918447688761
6.178756049890126
45.918446688761
6.178756049890126
45.918445688761
6.178756049890126
45.918444688761
6.178756049890126
45.918443688761
6.178756049890126
45.918442688761
6.178756049890126
45.918441688761
6.178756049890126
45.918440688761
6.178756049890126
45.918439688761
6.178756049890126
45.918438688761
6.178756049890126
45.918437688761
6.178756049890126
45.918436688761
6.178756049890126
45.918435688761
6.178756049890126
45.918434688761
6.178756049890126
45.918433688761
6.178756049890126
45.918432688761
6.178756049890126
45.918431688761
6.178756049890126
45.918430688761
6.178756049890126
45.918429688761
6.178756049890126
45.918428688761
6.178756049890126
45.918427688761
6.178756049890126
45.918426688761
6.178756049890126
45.918425688761
6.178756049890126
45.918424688761
6.178756049890126
45.918423688761
6.178756049890126
45.918422688761
6.178756049890126
45.918421688761
6.178756049890126
45.918420688761
6.178756049890126
45.918419688761
6.178756049890126
45.918418688761
6.178756049890126
45.918417688761
6.178756049890126
45.918416688761
6.178756049890126
45.918415688761
6.178756049890126
45.918414688761
6.178756049890126
45.918413688761
6.178756049890126
45.918412688761
6.178756049890126
45.918411688761
6.178756049890126
45.918410688761
6.178756049890126
45.918409688761
6.178756049890126
45.918408688761
6.178756049890126
45.918407688761
6.178756049890126
45.918406688761
6.178756049890126
45.918405688761
6.178756049890126
45.918404688761
6.178756049890126
45.918403688761
6.178756049890126
45.918402688761
6.178756049890126
45.918401688761
6.178756049890126
45.918400688761
6.178756049890126
45.918399688761
6.178756049890126
45.918398688761
6.178756049890126
45.918397688761
6.178756049890126
45.918396688761
6.178756049890126
45.918395688761
6.178756049890126
45.918394688761
6.178756049890126
45.918393688761
6.178756049890126
45.918392688761
6.178756049890126
45.918391688761
6.178756049890126
45.918390688761
6.178756049890126
45.918389688761
6.178756049890126
45.918388688761
6.178756049890126
45.918387688761
6.178756049890126
45.918386688761
6.178756049890126
45.918385688761
6.178756049890126
45.918384688761
6.178756049890126
45.918383688761
6.178756049890126
45.918382688761
6.178756049890126
45.918381688761
6.178756049890126
45.918380688761
6.178756049890126
45.918379688761
6.178756049890126
45.918378688761
6.178756049890126
45.918377688761
6.178756049890126
45.918376688761
6.178756049890126
45.918375688761
6.178756049890126
45.918374688761
6.178756049890126
45.918373688761
6.178756049890126
45.918372688761
6.178756049890126
45.918371688761
6.178756049890126
45.918370688761
6.178756049890126
45.918369688761
6.178756049890126
45.918368688761
6.178756049890126
45.918367688761
6.178756049890126
45.918366688761
6.178756049890126
45.918365688761
6.178756049890126
45.918364688761
6.178756049890126
45.918363688761
6.178756049890126
45.918362688761
6.178756049890126
45.918361688761
6.178756049890126
45.918360688761
6.178756049890126
45.918359688761
6.178756049890126
45.918358688761
6.178756049890126
45.918358585014
6.178756049890126
45.918358585014
6.178756049890126
45.918357585014
6.178756049890126
45.918356585014
6.178756049890126
45.918355585014
6.178756049890126
45.918354585014
6.178756049890126
45.918353585014
6.178756049890126
45.918352585014
6.178756049890126
45.918351585014
6.178756049890126
45.918350585014
6.178756049890126
45.918349585014
6.178756049890126
45.918348585014
6.178756049890126
45.918347585014
6.178756049890126
45.918346585014
6.178756049890126
45.918345585014
6.178756049890126
45.918344585014
6.178756049890126
45.918343585014
6.178756049890126
45.918342585014
6.178756049890126
45.918341585014
6.178756049890126
45.918340585014
6.178756049890126
45.918339585014
6.178756049890126
45.918338585014
6.178756049890126
45.918337585014
6.178756049890126
45.918336585014
6.178756049890126
45.918335585014
6.178756049890126
45.918334585014
6.178756049890126
45.918333585014
6.178756049890126
45.918332585014
6.178756049890126
45.918331585014
6.178756049890126
45.918330585014
6.178756049890126
45.918329585014
6.178756049890126
45.918328585014
6.178756049890126
45.918327585014
6.178756049890126
45.918326585014
6.178756049890126
45.918325585014
6.178756049890126
45.918324585014
6.178756049890126
45.918323585014
6.178756049890126
45.918322585014
6.178756049890126
45.918321585014
6.178756049890126
45.918320585014
6.178756049890126
45.918319585014
6.178756049890126
45.918318585014
6.178756049890126
45.918317585014
6.178756049890126
45.918316585014
6.178756049890126
45.918315585014
6.178756049890126
45.918314585014
6.178756049890126
45.918313585014
6.178756049890126
45.918312585014
6.178756049890126
45.918311585014
6.178756049890126
45.918310585014
6.178756049890126
45.918309585014
6.178756049890126
45.918308585014
6.178756049890126
45.918307585014
6.178756049890126
45.918306585014
6.178756049890126
45.918305585014
6.178756049890126
45.918304585014
6.178756049890126
45.918303585014
6.178756049890126
45.918302585014
6.178756049890126
45.918301585014
6.178756049890126
45.918300585014
6.178756049890126
45.918299585014
6.178756049890126
45.918298585014
6.178756049890126
45.918297585014
6.178756049890126
45.918296585014
6.178756049890126
45.918295585014
6.178756049890126
45.918294585014
6.178756049890126
45.918293585014
6.178756049890126
45.918292585014
6.178756049890126
45.918291585014
6.178756049890126
45.918290585014
6.178756049890126
45.918289585014
6.178756049890126
45.918288585014
6.178756049890126
45.918287585014
6.178756049890126
45.918286585014
6.178756049890126
45.918285585014
6.178756049890126
45.918284585014
6.178756049890126
45.918283585014
6.178756049890126
45.918282585014
6.178756049890126
45.918281585014
6.178756049890126
45.918280585014
6.178756049890126
45.918279585014
6.178756049890126
45.918278585014
6.178756049890126
45.918277585014
6.178756049890126
45.918276585014
6.178756049890126
45.918275585014
6.178756049890126
45.918274585014
6.178756049890126
45.918273585014
6.178756049890126
45.918272585014
6.178756049890126
45.918271585014
6.178756049890126
45.918270585014
6.178756049890126
45.918269585014
6.178756049890126
45.918268585014
6.178756049890126
45.918267585014
6.178756049890126
45.918266585014
6.178756049890126
45.918265585014
6.178756049890126
45.918264585014
6.178756049890126
45.918263585014
6.178756049890126
45.918262585014
6.178756049890126
45.918261585014
6.178756049890126
45.918260585014
6.178756049890126
45.918259585014
6.178756049890126
45.918258585014
6.178756049890126
45.918257585014
6.178756049890126
45.918256585014
6.178756049890126
45.918255585014
6.178756049890126
45.918254585014
6.178756049890126
45.918253585014
6.178756049890126
45.918252585014
6.178756049890126
45.918251585014
6.178756049890126
45.918250585014
6.178756049890126
45.918249585014
6.178756049890126
45.918248585014
6.178756049890126
45.918247585014
6.178756049890126
45.918246585014
6.178756049890126
45.918245585014
6.178756049890126
45.918244585014
6.178756049890126
45.918243585014
6.178756049890126
45.918242585014
6.178756049890126
45.918241585014
6.178756049890126
45.918240585014
6.178756049890126
45.918239585014
6.178756049890126
45.918238585014
6.178756049890126
45.918237585014
6.178756049890126
45.918236585014
6.178756049890126
45.918235585014
6.178756049890126
45.918234585014
6.178756049890126
45.918233585014
6.178756049890126
45.918232585014
6.178756049890126
45.918231585014
6.178756049890126
45.918230585014
6.178756049890126
45.918229585014
6.178756049890126
45.918228585014
6.178756049890126
45.918227585014
6.178756049890126
45.918226585014
6.178756049890126
45.918225585014
6.178756049890126
45.918224585014
6.178756049890126
45.918223585014
6.178756049890126
45.918222585014
6.178756049890126
45.918221585014
6.178756049890126
45.918220585014
6.178756049890126
45.918219585014
6.178756049890126
45.918218585014
6.178756049890126
45.918217585014
6.178756049890126
45.918216585014
6.178756049890126
45.918215585014
6.178756049890126
45.918214585014
6.178756049890126
45.918213585014
6.178756049890126
45.918212585014
6.178756049890126
45.918211585014
6.178756049890126
45.918210585014
6.178756049890126
45.918209585014
6.178756049890126
45.918208585014
6.178756049890126
45.918207585014
6.178756049890126
45.918206585014
6.178756049890126
45.918205585014
6.178756049890126
45.918204585014
6.178756049890126
45.918203585014
6.178756049890126
45.918202585014
6.178756049890126
45.918201585014
6.178756049890126
45.918200585014
6.178756049890126
45.918199585014
6.178756049890126
45.918198585014
6.178756049890126
45.918197585014
6.178756049890126
45.918196585014
6.178756049890126
45.918195585014
6.178756049890126
45.918194585014
6.178756049890126
45.918193585014
6.178756049890126
45.918192585014
6.178756049890126
45.918191585014
6.178756049890126
45.918190585014
6.178756049890126
45.918189585014
6.178756049890126
45.918188585014
6.178756049890126
45.918187585014
6.178756049890126
45.918186585014
6.178756049890126
45.918185585014
6.178756049890126
45.918184585014
6.178756049890126
45.918183585014
6.178756049890126
45.918182585014
6.178756049890126
45.918181585014
6.178756049890126
45.918180585014
6.178756049890126
45.918179585014
6.178756049890126
45.918178585014
6.178756049890126
45.918177585014
6.178756049890126
45.918176585014
6.178756049890126
45.918175585014
6.178756049890126
45.918174585014
6.178756049890126
45.918173585014
6.178756049890126
45.918172585014
6.178756049890126
45.918171585014
6.178756049890126
45.918170585015
6.178756049890126
45.918169585015
6.178756049890126
45.918168585015
6.178756049890126
45.918167585015
6.178756049890126
45.918166585015
6.178756049890126
45.918165585015
6.178756049890126
45.918164585015
6.178756049890126
45.918163585015
6.178756049890126
45.918162585015
6.178756049890126
45.918161585015
6.178756049890126
45.918160585015
6.178756049890126
45.918159585015
6.178756049890126
45.918158585015
6.178756049890126
45.918157585015
6.178756049890126
45.918156585015
6.178756049890126
45.918155585015
6.178756049890126
45.918154585015
6.178756049890126
45.918153585015
6.178756049890126
45.918152585015
6.178756049890126
45.918151585015
6.178756049890126
45.918150585015
6.178756049890126
45.918149585015
6.178756049890126
45.918148585015
6.178756049890126
45.918147585015
6.178756049890126
45.918146585015
6.178756049890126
45.918145585015
6.178756049890126
45.918144585015
6.178756049890126
45.918143585015
6.178756049890126
45.918142585015
6.178756049890126
45.918141585015
6.178756049890126
45.918140585015
6.178756049890126
45.918139585015
6.178756049890126
45.918138585015
6.178756049890126
45.917697377521
6.178756049890126
45.917696377521
6.178756049890126
45.917695377521
6.178756049890126
45.917694377521
6.178756049890126
45.917693377521
6.178756049890126
45.917692377521
6.178756049890126
45.917691377521
6.178756049890126
45.917690377521
6.178756049890126
45.917689377521
6.178756049890126
45.917688377521
6.178756049890126
45.917687377521
6.178756049890126
45.917686377521
6.178756049890126
45.917685377521
6.178756049890126
45.917684377521
6.178756049890126
45.917683377521
6.178756049890126
45.917682377521
6.178756049890126
45.917681377521
6.178756049890126
45.917680377521
6.178756049890126
45.917679377521
6.178756049890126
45.917678377521
6.178756049890126
45.917677377521
6.178756049890126
45.917676377521
6.178756049890126
45.917675377521
6.178756049890126
45.917674377521
6.178756049890126
45.917673377521
6.178756049890126
45.917672377521
6.178756049890126
45.917671377521
6.178756049890126
45.917670377521
6.178756049890126
45.917669377521
6.178756049890126
45.917668377521
6.178756049890126
45.917667377521
6.178756049890126
45.917666377521
6.178756049890126
45.917665377521
6.178756049890126
45.917664377521
6.178756049890126
45.917663377521
6.178756049890126
45.917662377521
6.178756049890126
45.917661377521
6.178756049890126
45.917660377521
6.178756049890126
45.917659377521
6.178756049890126
45.917658377521
6.178756049890126
45.917657377521
6.178756049890126
45.917656377521
6.178756049890126
45.917655377521
6.178756049890126
45.917654377521
6.178756049890126
45.917653377521
6.178756049890126
45.917652377521
6.178756049890126
45.917651377521
6.178756049890126
45.917650377521
6.178756049890126
45.917649377521
6.178756049890126
45.917648377521
6.178756049890126
45.917647377521
6.178756049890126
45.917646377521
6.178756049890126
45.917645377521
6.178756049890126
45.917644377521
6.178756049890126
45.917643377521
6.178756049890126
45.917642377521
6.178756049890126
45.917641377521
6.178756049890126
45.917640377521
6.178756049890126
45.917639377521
6.178756049890126
45.917638377521
6.178756049890126
45.917637377521
6.178756049890126
45.917636377521
6.178756049890126
45.917635377521
6.178756049890126
45.917634377521
6.178756049890126
45.917633377521
6.178756049890126
45.917632377521
6.178756049890126
45.917631377521
6.178756049890126
45.917630377521
6.178756049890126
45.917629377521
6.178756049890126
45.917628377521
6.178756049890126
45.917627377521
6.178756049890126
45.917626377522
6.178756049890126
45.917625377522
6.178756049890126
45.917624377522
6.178756049890126
45.917623377522
6.178756049890126
45.917622377522
6.178756049890126
45.917621377522
6.178756049890126
45.917620377522
6.178756049890126
45.917619377522
6.178756049890126
45.917618377522
6.178756049890126
45.917617377522
6.178756049890126
45.917616377522
6.178756049890126
45.917615377522
6.178756049890126
45.917614377522
6.178756049890126
45.917613377522
6.178756049890126
45.917612377522
6.178756049890126
45.917611377522
6.178756049890126
45.917610377522
6.178756049890126
45.917609377522
6.178756049890126
45.917608377522
6.178756049890126
45.917607377522
6.178756049890126
45.917606377522
6.178756049890126
45.917605377522
6.178756049890126
45.917604377522
6.178756049890126
45.917603377522
6.178756049890126
45.917602377522
6.178756049890126
45.917601377522
6.178756049890126
45.917600377522
6.178756049890126
45.917599377522
6.178756049890126
45.917598377522
6.178756049890126
45.917597377522
6.178756049890126
45.917596377522
6.178756049890126
45.917595377522
6.178756049890126
45.917594377522
6.178756049890126
45.917593377522
6.178756049890126
45.917592377522
6.178756049890126
45.917591377522
6.178756049890126
45.917590377522
6.178756049890126
45.917589377522
6.178756049890126
45.917588377522
6.178756049890126
45.917587377522
6.178756049890126
45.917586377522
6.178756049890126
45.917585377522
6.178756049890126
45.917584377522
6.178756049890126
45.917583377522
6.178756049890126
45.917582377522
6.178756049890126
45.917581377522
6.178756049890126
45.917580377522
6.178756049890126
45.917579377522
6.178756049890126
45.917578377522
6.178756049890126
45.917577377522
6.178756049890126
45.917576377522
6.178756049890126
45.917575377522
6.178756049890126
45.917574377522
6.178756049890126
45.917573377522
6.178756049890126
45.917572377522
6.178756049890126
45.917571377522
6.178756049890126
45.917570377522
6.178756049890126
45.917569377522
6.178756049890126
45.917568377522
6.178756049890126
45.917567377522
6.178756049890126
45.917566377522
6.178756049890126
45.917565377522
6.178756049890126
45.917564377522
6.178756049890126
45.917563377522
6.178756049890126
45.917562377522
6.178756049890126
45.917561377522
6.178756049890126
45.917560377522
6.178756049890126
45.917559377522
6.178756049890126
45.917558377522
6.178756049890126
45.917557377522
6.178756049890126
45.917556377522
6.178756049890126
45.917555377522
6.178756049890126
45.917554377522
6.178756049890126
45.917553377522
6.178756049890126
45.917552377522
6.178756049890126
45.917551377522
6.178756049890126
45.917550377522
6.178756049890126
45.917549377522
6.178756049890126
45.917548377522
6.178756049890126
45.917547377522
6.178756049890126
45.917546377522
6.178756049890126
45.917545377522
6.178756049890126
45.917544377522
6.178756049890126
45.917543377522
6.178756049890126
45.917542377522
6.178756049890126
45.917541377522
6.178756049890126
45.917540377522
6.178756049890126
45.917539377522
6.178756049890126
45.917538377522
6.178756049890126
45.917537377522
6.178756049890126
45.917536377522
6.178756049890126
45.917535377522
6.178756049890126
45.917534377522
6.178756049890126
45.917533377522
6.178756049890126
45.917532377522
6.178756049890126
45.917531377522
6.178756049890126
45.917530377522
6.178756049890126
45.917529377522
6.178756049890126
45.917528377522
6.178756049890126
45.917527377522
6.178756049890126
45.917526377522
6.178756049890126
45.917525377522
6.178756049890126
45.917524377522
6.178756049890126
45.917523377522
6.178756049890126
45.917522377522
6.178756049890126
45.917521377522
6.178756049890126
45.917520377522
6.178756049890126
45.917519377522
6.178756049890126
45.917518377522
6.178756049890126
45.917517377522
6.178756049890126
45.917516377522
6.178756049890126
45.917515377522
6.178756049890126
45.917514377522
6.178756049890126
45.917513377522
6.178756049890126
45.917512377522
6.178756049890126
45.917511377522
6.178756049890126
45.917510377522
6.178756049890126
45.917509377522
6.178756049890126
45.917508377522
6.178756049890126
45.917507377522
6.178756049890126
45.917506377522
6.178756049890126
45.917505377522
6.178756049890126
45.917504377522
6.178756049890126
45.917503377522
6.178756049890126
45.917502377522
6.178756049890126
45.917501377522
6.178756049890126
45.917500377522
6.178756049890126
45.917499377522
6.178756049890126
45.917498377522
6.178756049890126
45.917497377522
6.178756049890126
45.917496377522
6.178756049890126
45.917495377522
6.178756049890126
45.917494377522
6.178756049890126
45.917493377522
6.178756049890126
45.917492377522
6.178756049890126
45.917491377522
6.178756049890126
45.917490377522
6.178756049890126
45.917489377522
6.178756049890126
45.917488377522
6.178756049890126
45.917487377522
6.178756049890126
45.917486377522
6.178756049890126
45.917485377522
6.178756049890126
45.917484377522
6.178756049890126
45.917483377522
6.178756049890126
45.917482377522
6.178756049890126
45.917481377522
6.178756049890126
45.917480377522
6.178756049890126
45.917479377522
6.178756049890126
45.917478377522
6.178756049890126
45.917477377522
6.178756049890126
45.917477273775
6.178756049890126
45.917477273775
6.178756049890126
45.917476273775
6.178756049890126
45.917475273775
6.178756049890126
45.917474273775
6.178756049890126
45.917473273775
6.178756049890126
45.917472273775
6.178756049890126
45.917471273775
6.178756049890126
45.917470273775
6.178756049890126
45.917469273775
6.178756049890126
45.917468273775
6.178756049890126
45.917467273775
6.178756049890126
45.917466273775
6.178756049890126
45.917465273775
6.178756049890126
45.917464273775
6.178756049890126
45.917463273775
6.178756049890126
45.917462273775
6.178756049890126
45.917461273775
6.178756049890126
45.917460273775
6.178756049890126
45.917459273775
6.178756049890126
45.917458273775
6.178756049890126
45.917457273775
6.178756049890126
45.917456273775
6.178756049890126
45.917455273775
6.178756049890126
45.917454273775
6.178756049890126
45.917453273775
6.178756049890126
45.917452273775
6.178756049890126
45.917451273775
6.178756049890126
45.917450273775
6.178756049890126
45.917449273775
6.178756049890126
45.917448273775
6.178756049890126
45.917447273775
6.178756049890126
45.917446273775
6.178756049890126
45.917445273775
6.178756049890126
45.917444273775
6.178756049890126
45.917443273775
6.178756049890126
45.917442273775
6.178756049890126
45.917441273775
6.178756049890126
45.917440273775
6.178756049890126
45.917439273775
6.178756049890126
45.917438273775
6.178756049890126
45.917437273775
6.178756049890126
45.917436273775
6.178756049890126
45.917435273775
6.178756049890126
45.917434273775
6.178756049890126
45.917433273775
6.178756049890126
45.917432273775
6.178756049890126
45.917431273775
6.178756049890126
45.917430273775
6.178756049890126
45.917429273775
6.178756049890126
45.917428273775
6.178756049890126
45.917427273775
6.178756049890126
45.917426273775
6.178756049890126
45.917425273775
6.178756049890126
45.917424273775
6.178756049890126
45.917423273775
6.178756049890126
45.917422273775
6.178756049890126
45.917421273775
6.178756049890126
45.917420273775
6.178756049890126
45.917419273775
6.178756049890126
45.917418273775
6.178756049890126
45.917417273775
6.178756049890126
45.917416273775
6.178756049890126
45.917415273775
6.178756049890126
45.917414273775
6.178756049890126
45.917413273775
6.178756049890126
45.917412273775
6.178756049890126
45.917411273775
6.178756049890126
45.917410273775
6.178756049890126
45.917409273775
6.178756049890126
45.917408273775
6.178756049890126
45.917407273775
6.178756049890126
45.917406273775
6.178756049890126
45.917405273775
6.178756049890126
45.917404273775
6.178756049890126
45.917403273775
6.178756049890126
45.917402273775
6.178756049890126
45.917401273775
6.178756049890126
45.917400273775
6.178756049890126
45.917399273775
6.178756049890126
45.917398273775
6.178756049890126
45.917397273775
6.178756049890126
45.917396273775
6.178756049890126
45.917395273775
6.178756049890126
45.917394273775
6.178756049890126
45.917393273775
6.178756049890126
45.917392273775
6.178756049890126
45.917391273775
6.178756049890126
45.917390273775
6.178756049890126
45.917389273775
6.178756049890126
45.917388273775
6.178756049890126
45.917387273775
6.178756049890126
45.917386273775
6.178756049890126
45.917385273775
6.178756049890126
45.917384273775
6.178756049890126
45.917383273775
6.178756049890126
45.917382273775
6.178756049890126
45.917381273775
6.178756049890126
45.917380273775
6.178756049890126
45.917379273775
6.178756049890126
45.917378273775
6.178756049890126
45.917377273775
6.178756049890126
45.917376273775
6.178756049890126
45.917375273775
6.178756049890126
45.917374273775
6.178756049890126
45.917373273775
6.178756049890126
45.917372273775
6.178756049890126
45.917371273775
6.178756049890126
45.917370273775
6.178756049890126
45.917369273775
6.178756049890126
45.917368273775
6.178756049890126
45.917367273775
6.178756049890126
45.917366273775
6.178756049890126
45.917365273775
6.178756049890126
45.917364273775
6.178756049890126
45.917363273775
6.178756049890126
45.917362273775
6.178756049890126
45.917361273775
6.178756049890126
45.917360273775
6.178756049890126
45.917359273775
6.178756049890126
45.917358273775
6.178756049890126
45.917357273775
6.178756049890126
45.917356273775
6.178756049890126
45.917355273775
6.178756049890126
45.917354273775
6.178756049890126
45.917353273775
6.178756049890126
45.917352273775
6.178756049890126
45.917351273775
6.178756049890126
45.917350273775
6.178756049890126
45.917349273775
6.178756049890126
45.917348273775
6.178756049890126
45.917347273775
6.178756049890126
45.917346273775
6.178756049890126
45.917345273775
6.178756049890126
45.917344273775
6.178756049890126
45.917343273775
6.178756049890126
45.917342273775
6.178756049890126
45.917341273775
6.178756049890126
45.917340273775
6.178756049890126
45.917339273775
6.178756049890126
45.917338273775
6.178756049890126
45.917337273775
6.178756049890126
45.917336273775
6.178756049890126
45.917335273775
6.178756049890126
45.917334273775
6.178756049890126
45.917333273775
6.178756049890126
45.917332273775
6.178756049890126
45.917331273775
6.178756049890126
45.917330273775
6.178756049890126
45.917329273775
6.178756049890126
45.917328273775
6.178756049890126
45.917327273775
6.178756049890126
45.917326273775
6.178756049890126
45.917325273775
6.178756049890126
45.917324273775
6.178756049890126
45.917323273775
6.178756049890126
45.917322273775
6.178756049890126
45.917321273775
6.178756049890126
45.917320273775
6.178756049890126
45.917319273775
6.178756049890126
45.917318273775
6.178756049890126
45.917317273775
6.178756049890126
45.917316273775
6.178756049890126
45.917315273775
6.178756049890126
45.917314273775
6.178756049890126
45.917313273775
6.178756049890126
45.917312273775
6.178756049890126
45.917311273775
6.178756049890126
45.917310273775
6.178756049890126
45.917309273775
6.178756049890126
45.917308273775
6.178756049890126
45.917307273775
6.178756049890126
45.917306273775
6.178756049890126
45.917305273775
6.178756049890126
45.917304273775
6.178756049890126
45.917303273775
6.178756049890126
45.917302273775
6.178756049890126
45.917301273775
6.178756049890126
45.917300273775
6.178756049890126
45.917299273775
6.178756049890126
45.917298273775
6.178756049890126
45.917297273775
6.178756049890126
45.917296273775
6.178756049890126
45.917295273775
6.178756049890126
45.917294273775
6.178756049890126
45.917293273775
6.178756049890126
45.917292273775
6.178756049890126
45.917291273775
6.178756049890126
45.917290273775
6.178756049890126
45.917289273775
6.178756049890126
45.917288273775
6.178756049890126
45.917287273775
6.178756049890126
45.917286273775
6.178756049890126
45.917285273775
6.178756049890126
45.917284273775
6.178756049890126
45.917283273775
6.178756049890126
45.917282273775
6.178756049890126
45.917281273775
6.178756049890126
45.917280273775
6.178756049890126
45.917279273775
6.178756049890126
45.917278273775
6.178756049890126
45.917277273775
6.178756049890126
45.917276273775
6.178756049890126
45.917275273775
6.178756049890126
45.917274273775
6.178756049890126
45.917273273775
6.178756049890126
45.917272273775
6.178756049890126
45.917271273775
6.178756049890126
45.917270273775
6.178756049890126
45.917269273775
6.178756049890126
45.917268273775
6.178756049890126
45.917267273775
6.178756049890126
45.917266273775
6.178756049890126
45.917265273775
6.178756049890126
45.917264273775
6.178756049890126
45.917263273775
6.178756049890126
45.917262273775
6.178756049890126
45.917261273775
6.178756049890126
45.917260273775
6.178756049890126
45.917259273775
6.178756049890126
45.917258273775
6.178756049890126
45.917257273775
6.178756049890126
45.916816066282
6.178756049890126
45.916815066282
6.178756049890126
45.916814066282
6.178756049890126
45.916813066282
6.178756049890126
45.916812066282
6.178756049890126
45.916811066282
6.178756049890126
45.916810066282
6.178756049890126
45.916809066282
6.178756049890126
45.916808066282
6.178756049890126
45.916807066282
6.178756049890126
45.916806066282
6.178756049890126
45.916805066282
6.178756049890126
45.916804066282
6.178756049890126
45.916803066282
6.178756049890126
45.916802066282
6.178756049890126
45.916801066282
6.178756049890126
45.916800066282
6.178756049890126
45.916799066282
6.178756049890126
45.916798066282
6.178756049890126
45.916797066282
6.178756049890126
45.916796066282
6.178756049890126
45.916795066282
6.178756049890126
45.916794066282
6.178756049890126
45.916793066282
6.178756049890126
45.916792066282
6.178756049890126
45.916791066282
6.178756049890126
45.916790066282
6.178756049890126
45.916789066282
6.178756049890126
45.916788066282
6.178756049890126
45.916787066282
6.178756049890126
45.916786066282
6.178756049890126
45.916785066282
6.178756049890126
45.916784066282
6.178756049890126
45.916783066282
6.178756049890126
45.916782066282
6.178756049890126
45.916781066282
6.178756049890126
45.916780066282
6.178756049890126
45.916779066282
6.178756049890126
45.916778066282
6.178756049890126
45.916777066282
6.178756049890126
45.916776066282
6.178756049890126
45.916775066282
6.178756049890126
45.916774066282
6.178756049890126
45.916773066282
6.178756049890126
45.916772066282
6.178756049890126
45.916771066282
6.178756049890126
45.916770066282
6.178756049890126
45.916769066282
6.178756049890126
45.916768066282
6.178756049890126
45.916767066282
6.178756049890126
45.916766066282
6.178756049890126
45.916765066282
6.178756049890126
45.916764066282
6.178756049890126
45.916763066282
6.178756049890126
45.916762066282
6.178756049890126
45.916761066282
6.178756049890126
45.916760066282
6.178756049890126
45.916759066282
6.178756049890126
45.916758066282
6.178756049890126
45.916757066282
6.178756049890126
45.916756066282
6.178756049890126
45.916755066282
6.178756049890126
45.916754066282
6.178756049890126
45.916753066282
6.178756049890126
45.916752066282
6.178756049890126
45.916751066282
6.178756049890126
45.916750066282
6.178756049890126
45.916749066282
6.178756049890126
45.916748066282
6.178756049890126
45.916747066282
6.178756049890126
45.916746066282
6.178756049890126
45.916745066282
6.178756049890126
45.916744066282
6.178756049890126
45.916743066282
6.178756049890126
45.916742066282
6.178756049890126
45.916741066282
6.178756049890126
45.916740066282
6.178756049890126
45.916739066282
6.178756049890126
45.916738066282
6.178756049890126
45.916737066282
6.178756049890126
45.916736066282
6.178756049890126
45.916735066282
6.178756049890126
45.916734066282
6.178756049890126
45.916733066282
6.178756049890126
45.916732066282
6.178756049890126
45.916731066282
6.178756049890126
45.916730066282
6.178756049890126
45.916729066282
6.178756049890126
45.916728066282
6.178756049890126
45.916727066282
6.178756049890126
45.916726066282
6.178756049890126
45.916725066282
6.178756049890126
45.916724066282
6.178756049890126
45.916723066282
6.178756049890126
45.916722066282
6.178756049890126
45.916721066282
6.178756049890126
45.916720066282
6.178756049890126
45.916719066282
6.178756049890126
45.916718066282
6.178756049890126
45.916717066282
6.178756049890126
45.916716066282
6.178756049890126
45.916715066282
6.178756049890126
45.916714066282
6.178756049890126
45.916713066282
6.178756049890126
45.916712066282
6.178756049890126
45.916711066282
6.178756049890126
45.916710066282
6.178756049890126
45.916709066282
6.178756049890126
45.916708066282
6.178756049890126
45.916707066282
6.178756049890126
45.916706066282
6.178756049890126
45.916705066282
6.178756049890126
45.916704066282
6.178756049890126
45.916703066282
6.178756049890126
45.916702066282
6.178756049890126
45.916701066282
6.178756049890126
45.916700066282
6.178756049890126
45.916699066282
6.178756049890126
45.916698066282
6.178756049890126
45.916697066282
6.178756049890126
45.916696066282
6.178756049890126
45.916695066282
6.178756049890126
45.916694066282
6.178756049890126
45.916693066282
6.178756049890126
45.916692066282
6.178756049890126
45.916691066282
6.178756049890126
45.916690066282
6.178756049890126
45.916689066282
6.178756049890126
45.916688066282
6.178756049890126
45.916687066282
6.178756049890126
45.916686066282
6.178756049890126
45.916685066282
6.178756049890126
45.916684066282
6.178756049890126
45.916683066282
6.178756049890126
45.916682066282
6.178756049890126
45.916681066282
6.178756049890126
45.916680066282
6.178756049890126
45.916679066282
6.178756049890126
45.916678066282
6.178756049890126
45.916677066282
6.178756049890126
45.916676066282
6.178756049890126
45.916675066282
6.178756049890126
45.916674066282
6.178756049890126
45.916673066282
6.178756049890126
45.916672066282
6.178756049890126
45.916671066282
6.178756049890126
45.916670066282
6.178756049890126
45.916669066282
6.178756049890126
45.916668066282
6.178756049890126
45.916667066282
6.178756049890126
45.916666066282
6.178756049890126
45.916665066282
6.178756049890126
45.916664066282
6.178756049890126
45.916663066282
6.178756049890126
45.916662066282
6.178756049890126
45.916661066282
6.178756049890126
45.916660066282
6.178756049890126
45.916659066282
6.178756049890126
45.916658066282
6.178756049890126
45.916657066282
6.178756049890126
45.916656066282
6.178756049890126
45.916655066282
6.178756049890126
45.916654066282
6.178756049890126
45.916653066282
6.178756049890126
45.916652066282
6.178756049890126
45.916651066282
6.178756049890126
45.916650066282
6.178756049890126
45.916649066282
6.178756049890126
45.916648066282
6.178756049890126
45.916647066282
6.178756049890126
45.916646066282
6.178756049890126
45.916645066282
6.178756049890126
45.916644066282
6.178756049890126
45.916643066282
6.178756049890126
45.916642066282
6.178756049890126
45.916641066282
6.178756049890126
45.916640066282
6.178756049890126
45.916639066282
6.178756049890126
45.916638066282
6.178756049890126
45.916637066282
6.178756049890126
45.916636066282
6.178756049890126
45.916635066282
6.178756049890126
45.916634066282
6.178756049890126
45.916633066282
6.178756049890126
45.916632066282
6.178756049890126
45.916631066282
6.178756049890126
45.916630066282
6.178756049890126
45.916629066282
6.178756049890126
45.916628066282
6.178756049890126
45.916627066282
6.178756049890126
45.916626066282
6.178756049890126
45.916625066282
6.178756049890126
45.916624066282
6.178756049890126
45.916623066282
6.178756049890126
45.916622066282
6.178756049890126
45.916621066282
6.178756049890126
45.916620066282
6.178756049890126
45.916619066282
6.178756049890126
45.916618066282
6.178756049890126
45.916617066282
6.178756049890126
45.916616066282
6.178756049890126
45.916615066282
6.178756049890126
45.916614066282
6.178756049890126
45.916613066282
6.178756049890126
45.916612066282
6.178756049890126
45.916611066282
6.178756049890126
45.916610066283
6.178756049890126
45.916609066283
6.178756049890126
45.916608066283
6.178756049890126
45.916607066283
6.178756049890126
45.916606066283
6.178756049890126
45.916605066283
6.178756049890126
45.916604066283
6.178756049890126
45.916603066283
6.178756049890126
45.916602066283
6.178756049890126
45.916601066283
6.178756049890126
45.916600066283
6.178756049890126
45.916599066283
6.178756049890126
45.916598066283
6.178756049890126
45.916597066283
6.178756049890126
45.916596066283
6.178756049890126
45.916595962535
6.178756049890126
45.916595962535
6.178756049890126
45.916594962535
6.178756049890126
45.916593962535
6.178756049890126
45.916592962535
6.178756049890126
45.916591962535
6.178756049890126
45.916590962535
6.178756049890126
45.916589962535
6.178756049890126
45.916588962535
6.178756049890126
45.916587962535
6.178756049890126
45.916586962535
6.178756049890126
45.916585962535
6.178756049890126
45.916584962535
6.178756049890126
45.916583962535
6.178756049890126
45.916582962535
6.178756049890126
45.916581962535
6.178756049890126
45.916580962535
6.178756049890126
45.916579962535
6.178756049890126
45.916578962535
6.178756049890126
45.916577962535
6.178756049890126
45.916576962535
6.178756049890126
45.916575962535
6.178756049890126
45.916574962535
6.178756049890126
45.916573962535
6.178756049890126
45.916572962535
6.178756049890126
45.916571962535
6.178756049890126
45.916570962535
6.178756049890126
45.916569962535
6.178756049890126
45.916568962535
6.178756049890126
45.916567962535
6.178756049890126
45.916566962535
6.178756049890126
45.916565962535
6.178756049890126
45.916564962535
6.178756049890126
45.916563962535
6.178756049890126
45.916562962535
6.178756049890126
45.916561962535
6.178756049890126
45.916560962535
6.178756049890126
45.916559962535
6.178756049890126
45.916558962535
6.178756049890126
45.916557962535
6.178756049890126
45.916556962535
6.178756049890126
45.916555962535
6.178756049890126
45.916554962535
6.178756049890126
45.916553962535
6.178756049890126
45.916552962535
6.178756049890126
45.916551962535
6.178756049890126
45.916550962535
6.178756049890126
45.916549962535
6.178756049890126
45.916548962535
6.178756049890126
45.916547962535
6.178756049890126
45.916546962535
6.178756049890126
45.916545962535
6.178756049890126
45.916544962535
6.178756049890126
45.916543962535
6.178756049890126
45.916542962535
6.178756049890126
45.916541962535
6.178756049890126
45.916540962535
6.178756049890126
45.916539962535
6.178756049890126
45.916538962535
6.178756049890126
45.916537962535
6.178756049890126
45.916536962535
6.178756049890126
45.916535962535
6.178756049890126
45.916534962536
6.178756049890126
45.916533962536
6.178756049890126
45.916532962536
6.178756049890126
45.916531962536
6.178756049890126
45.916530962536
6.178756049890126
45.916529962536
6.178756049890126
45.916528962536
6.178756049890126
45.916527962536
6.178756049890126
45.916526962536
6.178756049890126
45.916525962536
6.178756049890126
45.916524962536
6.178756049890126
45.916523962536
6.178756049890126
45.916522962536
6.178756049890126
45.916521962536
6.178756049890126
45.916520962536
6.178756049890126
45.916519962536
6.178756049890126
45.916518962536
6.178756049890126
45.916517962536
6.178756049890126
45.916516962536
6.178756049890126
45.916515962536
6.178756049890126
45.916514962536
6.178756049890126
45.916513962536
6.178756049890126
45.916512962536
6.178756049890126
45.916511962536
6.178756049890126
45.916510962536
6.178756049890126
45.916509962536
6.178756049890126
45.916508962536
6.178756049890126
45.916507962536
6.178756049890126
45.916506962536
6.178756049890126
45.916505962536
6.178756049890126
45.916504962536
6.178756049890126
45.916503962536
6.178756049890126
45.916502962536
6.178756049890126
45.916501962536
6.178756049890126
45.916500962536
6.178756049890126
45.916499962536
6.178756049890126
45.916498962536
6.178756049890126
45.916497962536
6.178756049890126
45.916496962536
6.178756049890126
45.916495962536
6.178756049890126
45.916494962536
6.178756049890126
45.916493962536
6.178756049890126
45.916492962536
6.178756049890126
45.916491962536
6.178756049890126
45.916490962536
6.178756049890126
45.916489962536
6.178756049890126
45.916488962536
6.178756049890126
45.916487962536
6.178756049890126
45.916486962536
6.178756049890126
45.916485962536
6.178756049890126
45.916484962536
6.178756049890126
45.916483962536
6.178756049890126
45.916482962536
6.178756049890126
45.916481962536
6.178756049890126
45.916480962536
6.178756049890126
45.916479962536
6.178756049890126
45.916478962536
6.178756049890126
45.916477962536
6.178756049890126
45.916476962536
6.178756049890126
45.916475962536
6.178756049890126
45.916474962536
6.178756049890126
45.916473962536
6.178756049890126
45.916472962536
6.178756049890126
45.916471962536
6.178756049890126
45.916470962536
6.178756049890126
45.916469962536
6.178756049890126
45.916468962536
6.178756049890126
45.916467962536
6.178756049890126
45.916466962536
6.178756049890126
45.916465962536
6.178756049890126
45.916464962536
6.178756049890126
45.916463962536
6.178756049890126
45.916462962536
6.178756049890126
45.916461962536
6.178756049890126
45.916460962536
6.178756049890126
45.916459962536
6.178756049890126
45.916458962536
6.178756049890126
45.916457962536
6.178756049890126
45.916456962536
6.178756049890126
45.916455962536
6.178756049890126
45.916454962536
6.178756049890126
45.916453962536
6.178756049890126
45.916452962536
6.178756049890126
45.916451962536
6.178756049890126
45.916450962536
6.178756049890126
45.916449962536
6.178756049890126
45.916448962536
6.178756049890126
45.916447962536
6.178756049890126
45.916446962536
6.178756049890126
45.916445962536
6.178756049890126
45.916444962536
6.178756049890126
45.916443962536
6.178756049890126
45.916442962536
6.178756049890126
45.916441962536
6.178756049890126
45.916440962536
6.178756049890126
45.916439962536
6.178756049890126
45.916438962536
6.178756049890126
45.916437962536
6.178756049890126
45.916436962536
6.178756049890126
45.916435962536
6.178756049890126
45.916434962536
6.178756049890126
45.916433962536
6.178756049890126
45.916432962536
6.178756049890126
45.916431962536
6.178756049890126
45.916430962536
6.178756049890126
45.916429962536
6.178756049890126
45.916428962536
6.178756049890126
45.916427962536
6.178756049890126
45.916426962536
6.178756049890126
45.916425962536
6.178756049890126
45.916424962536
6.178756049890126
45.916423962536
6.178756049890126
45.916422962536
6.178756049890126
45.916421962536
6.178756049890126
45.916420962536
6.178756049890126
45.916419962536
6.178756049890126
45.916418962536
6.178756049890126
45.916417962536
6.178756049890126
45.916416962536
6.178756049890126
45.916415962536
6.178756049890126
45.916414962536
6.178756049890126
45.916413962536
6.178756049890126
45.916412962536
6.178756049890126
45.916411962536
6.178756049890126
45.916410962536
6.178756049890126
45.916409962536
6.178756049890126
45.916408962536
6.178756049890126
45.916407962536
6.178756049890126
45.916406962536
6.178756049890126
45.916405962536
6.178756049890126
45.916404962536
6.178756049890126
45.916403962536
6.178756049890126
45.916402962536
6.178756049890126
45.916401962536
6.178756049890126
45.916400962536
6.178756049890126
45.916399962536
6.178756049890126
45.916398962536
6.178756049890126
45.916397962536
6.178756049890126
45.916396962536
6.178756049890126
45.916395962536
6.178756049890126
45.916394962536
6.178756049890126
45.916393962536
6.178756049890126
45.916392962536
6.178756049890126
45.916391962536
6.178756049890126
45.916390962536
6.178756049890126
45.916389962536
6.178756049890126
45.916388962536
6.178756049890126
45.916387962536
6.178756049890126
45.916386962536
6.178756049890126
45.916385962536
6.178756049890126
45.916384962536
6.178756049890126
45.916383962536
6.178756049890126
45.916382962536
6.178756049890126
45.916381962536
6.178756049890126
45.916380962536
6.178756049890126
45.916379962536
6.178756049890126
45.916378962536
6.178756049890126
45.916377962536
6.178756049890126
45.916376962536
6.178756049890126
45.916375962536
6.178756049890126
45.915934755043
6.178756049890126
45.915933755043
6.178756049890126
45.915932755043
6.178756049890126
45.915931755043
6.178756049890126
45.915930755043
6.178756049890126
45.915929755043
6.178756049890126
45.915928755043
6.178756049890126
45.915927755043
6.178756049890126
45.915926755043
6.178756049890126
45.915925755043
6.178756049890126
45.915924755043
6.178756049890126
45.915923755043
6.178756049890126
45.915922755043
6.178756049890126
45.915921755043
6.178756049890126
45.915920755043
6.178756049890126
45.915919755043
6.178756049890126
45.915918755043
6.178756049890126
45.915917755043
6.178756049890126
45.915916755043
6.178756049890126
45.915915755043
6.178756049890126
45.915914755043
6.178756049890126
45.915913755043
6.178756049890126
45.915912755043
6.178756049890126
45.915911755043
6.178756049890126
45.915910755043
6.178756049890126
45.915909755043
6.178756049890126
45.915908755043
6.178756049890126
45.915907755043
6.178756049890126
45.915906755043
6.178756049890126
45.915905755043
6.178756049890126
45.915904755043
6.178756049890126
45.915903755043
6.178756049890126
45.915902755043
6.178756049890126
45.915901755043
6.178756049890126
45.915900755043
6.178756049890126
45.915899755043
6.178756049890126
45.915898755043
6.178756049890126
45.915897755043
6.178756049890126
45.915896755043
6.178756049890126
45.915895755043
6.178756049890126
45.915894755043
6.178756049890126
45.915893755043
6.178756049890126
45.915892755043
6.178756049890126
45.915891755043
6.178756049890126
45.915890755043
6.178756049890126
45.915889755043
6.178756049890126
45.915888755043
6.178756049890126
45.915887755043
6.178756049890126
45.915886755043
6.178756049890126
45.915885755043
6.178756049890126
45.915884755043
6.178756049890126
45.915883755043
6.178756049890126
45.915882755043
6.178756049890126
45.915881755043
6.178756049890126
45.915880755043
6.178756049890126
45.915879755043
6.178756049890126
45.915878755043
6.178756049890126
45.915877755043
6.178756049890126
45.915876755043
6.178756049890126
45.915875755043
6.178756049890126
45.915874755043
6.178756049890126
45.915873755043
6.178756049890126
45.915872755043
6.178756049890126
45.915871755043
6.178756049890126
45.915870755043
6.178756049890126
45.915869755043
6.178756049890126
45.915868755043
6.178756049890126
45.915867755043
6.178756049890126
45.915866755043
6.178756049890126
45.915865755043
6.178756049890126
45.915864755043
6.178756049890126
45.915863755043
6.178756049890126
45.915862755043
6.178756049890126
45.915861755043
6.178756049890126
45.915860755043
6.178756049890126
45.915859755043
6.178756049890126
45.915858755043
6.178756049890126
45.915857755043
6.178756049890126
45.915856755043
6.178756049890126
45.915855755043
6.178756049890126
45.915854755043
6.178756049890126
45.915853755043
6.178756049890126
45.915852755043
6.178756049890126
45.915851755043
6.178756049890126
45.915850755043
6.178756049890126
45.915849755043
6.178756049890126
45.915848755043
6.178756049890126
45.915847755043
6.178756049890126
45.915846755043
6.178756049890126
45.915845755043
6.178756049890126
45.915844755043
6.178756049890126
45.915843755043
6.178756049890126
45.915842755043
6.178756049890126
45.915841755043
6.178756049890126
45.915840755043
6.178756049890126
45.915839755043
6.178756049890126
45.915838755043
6.178756049890126
45.915837755043
6.178756049890126
45.915836755043
6.178756049890126
45.915835755043
6.178756049890126
45.915834755043
6.178756049890126
45.915833755043
6.178756049890126
45.915832755043
6.178756049890126
45.915831755043
6.178756049890126
45.915830755043
6.178756049890126
45.915829755043
6.178756049890126
45.915828755043
6.178756049890126
45.915827755043
6.178756049890126
45.915826755043
6.178756049890126
45.915825755043
6.178756049890126
45.915824755043
6.178756049890126
45.915823755043
6.178756049890126
45.915822755043
6.178756049890126
45.915821755043
6.178756049890126
45.915820755043
6.178756049890126
45.915819755043
6.178756049890126
45.915818755043
6.178756049890126
45.915817755043
6.178756049890126
45.915816755043
6.178756049890126
45.915815755043
6.178756049890126
45.915814755043
6.178756049890126
45.915813755043
6.178756049890126
45.915812755043
6.178756049890126
45.915811755043
6.178756049890126
45.915810755043
6.178756049890126
45.915809755043
6.178756049890126
45.915808755043
6.178756049890126
45.915807755043
6.178756049890126
45.915806755043
6.178756049890126
45.915805755043
6.178756049890126
45.915804755043
6.178756049890126
45.915803755043
6.178756049890126
45.915802755043
6.178756049890126
45.915801755043
6.178756049890126
45.915800755043
6.178756049890126
45.915799755043
6.178756049890126
45.915798755043
6.178756049890126
45.915797755043
6.178756049890126
45.915796755043
6.178756049890126
45.915795755043
6.178756049890126
45.915794755043
6.178756049890126
45.915793755043
6.178756049890126
45.915792755043
6.178756049890126
45.915791755043
6.178756049890126
45.915790755043
6.178756049890126
45.915789755043
6.178756049890126
45.915788755043
6.178756049890126
45.915787755043
6.178756049890126
45.915786755043
6.178756049890126
45.915785755043
6.178756049890126
45.915784755043
6.178756049890126
45.915783755043
6.178756049890126
45.915782755043
6.178756049890126
45.915781755043
6.178756049890126
45.915780755043
6.178756049890126
45.915779755043
6.178756049890126
45.915778755043
6.178756049890126
45.915777755043
6.178756049890126
45.915776755043
6.178756049890126
45.915775755043
6.178756049890126
45.915774755043
6.178756049890126
45.915773755043
6.178756049890126
45.915772755043
6.178756049890126
45.915771755043
6.178756049890126
45.915770755043
6.178756049890126
45.915769755043
6.178756049890126
45.915768755043
6.178756049890126
45.915767755043
6.178756049890126
45.915766755043
6.178756049890126
45.915765755043
6.178756049890126
45.915764755043
6.178756049890126
45.915763755043
6.178756049890126
45.915762755043
6.178756049890126
45.915761755043
6.178756049890126
45.915760755043
6.178756049890126
45.915759755043
6.178756049890126
45.915758755043
6.178756049890126
45.915757755043
6.178756049890126
45.915756755043
6.178756049890126
45.915755755043
6.178756049890126
45.915754755043
6.178756049890126
45.915753755043
6.178756049890126
45.915752755043
6.178756049890126
45.915751755043
6.178756049890126
45.915750755043
6.178756049890126
45.915749755043
6.178756049890126
45.915748755043
6.178756049890126
45.915747755043
6.178756049890126
45.915746755043
6.178756049890126
45.915745755043
6.178756049890126
45.915744755043
6.178756049890126
45.915743755043
6.178756049890126
45.915742755043
6.178756049890126
45.915741755043
6.178756049890126
45.915740755043
6.178756049890126
45.915739755043
6.178756049890126
45.915738755043
6.178756049890126
45.915737755043
6.178756049890126
45.915736755043
6.178756049890126
45.915735755043
6.178756049890126
45.915734755043
6.178756049890126
45.915733755043
6.178756049890126
45.915732755043
6.178756049890126
45.915731755043
6.178756049890126
45.915730755043
6.178756049890126
45.915729755043
6.178756049890126
45.915728755043
6.178756049890126
45.915727755043
6.178756049890126
45.915726755043
6.178756049890126
45.915725755043
6.178756049890126
45.915724755043
6.178756049890126
45.915723755043
6.178756049890126
45.915722755043
6.178756049890126
45.915721755043
6.178756049890126
45.915720755043
6.178756049890126
45.915719755043
6.178756049890126
45.915718755043
6.178756049890126
45.915717755043
6.178756049890126
45.915716755043
6.178756049890126
45.915715755043
6.178756049890126
45.915714755043
6.178756049890126
45.915714651296
6.178756049890126
45.915714651296
6.178756049890126
45.915713651296
6.178756049890126
45.915712651296
6.178756049890126
45.915711651296
6.178756049890126
45.915710651296
6.178756049890126
45.915709651296
6.178756049890126
45.915708651296
6.178756049890126
45.915707651296
6.178756049890126
45.915706651296
6.178756049890126
45.915705651296
6.178756049890126
45.915704651296
6.178756049890126
45.915703651296
6.178756049890126
45.915702651296
6.178756049890126
45.915701651296
6.178756049890126
45.915700651296
6.178756049890126
45.915699651296
6.178756049890126
45.915698651296
6.178756049890126
45.915697651296
6.178756049890126
45.915696651296
6.178756049890126
45.915695651296
6.178756049890126
45.915694651296
6.178756049890126
45.915693651296
6.178756049890126
45.915692651296
6.178756049890126
45.915691651296
6.178756049890126
45.915690651296
6.178756049890126
45.915689651296
6.178756049890126
45.915688651296
6.178756049890126
45.915687651296
6.178756049890126
45.915686651296
6.178756049890126
45.915685651296
6.178756049890126
45.915684651296
6.178756049890126
45.915683651296
6.178756049890126
45.915682651296
6.178756049890126
45.915681651296
6.178756049890126
45.915680651296
6.178756049890126
45.915679651296
6.178756049890126
45.915678651296
6.178756049890126
45.915677651296
6.178756049890126
45.915676651296
6.178756049890126
45.915675651296
6.178756049890126
45.915674651296
6.178756049890126
45.915673651296
6.178756049890126
45.915672651296
6.178756049890126
45.915671651296
6.178756049890126
45.915670651296
6.178756049890126
45.915669651296
6.178756049890126
45.915668651296
6.178756049890126
45.915667651296
6.178756049890126
45.915666651296
6.178756049890126
45.915665651296
6.178756049890126
45.915664651296
6.178756049890126
45.915663651296
6.178756049890126
45.915662651296
6.178756049890126
45.915661651296
6.178756049890126
45.915660651296
6.178756049890126
45.915659651296
6.178756049890126
45.915658651296
6.178756049890126
45.915657651296
6.178756049890126
45.915656651296
6.178756049890126
45.915655651296
6.178756049890126
45.915654651296
6.178756049890126
45.915653651296
6.178756049890126
45.915652651296
6.178756049890126
45.915651651296
6.178756049890126
45.915650651296
6.178756049890126
45.915649651296
6.178756049890126
45.915648651296
6.178756049890126
45.915647651296
6.178756049890126
45.915646651296
6.178756049890126
45.915645651296
6.178756049890126
45.915644651296
6.178756049890126
45.915643651296
6.178756049890126
45.915642651296
6.178756049890126
45.915641651296
6.178756049890126
45.915640651296
6.178756049890126
45.915639651296
6.178756049890126
45.915638651296
6.178756049890126
45.915637651296
6.178756049890126
45.915636651296
6.178756049890126
45.915635651296
6.178756049890126
45.915634651296
6.178756049890126
45.915633651296
6.178756049890126
45.915632651296
6.178756049890126
45.915631651296
6.178756049890126
45.915630651296
6.178756049890126
45.915629651296
6.178756049890126
45.915628651296
6.178756049890126
45.915627651296
6.178756049890126
45.915626651296
6.178756049890126
45.915625651296
6.178756049890126
45.915624651296
6.178756049890126
45.915623651296
6.178756049890126
45.915622651296
6.178756049890126
45.915621651296
6.178756049890126
45.915620651296
6.178756049890126
45.915619651296
6.178756049890126
45.915618651296
6.178756049890126
45.915617651296
6.178756049890126
45.915616651296
6.178756049890126
45.915615651296
6.178756049890126
45.915614651296
6.178756049890126
45.915613651296
6.178756049890126
45.915612651296
6.178756049890126
45.915611651296
6.178756049890126
45.915610651296
6.178756049890126
45.915609651296
6.178756049890126
45.915608651296
6.178756049890126
45.915607651296
6.178756049890126
45.915606651296
6.178756049890126
45.915605651296
6.178756049890126
45.915604651296
6.178756049890126
45.915603651296
6.178756049890126
45.915602651296
6.178756049890126
45.915601651296
6.178756049890126
45.915600651296
6.178756049890126
45.915599651296
6.178756049890126
45.915598651296
6.178756049890126
45.915597651296
6.178756049890126
45.915596651296
6.178756049890126
45.915595651296
6.178756049890126
45.915594651296
6.178756049890126
45.915593651296
6.178756049890126
45.915592651296
6.178756049890126
45.915591651296
6.178756049890126
45.915590651296
6.178756049890126
45.915589651296
6.178756049890126
45.915588651296
6.178756049890126
45.915587651296
6.178756049890126
45.915586651296
6.178756049890126
45.915585651296
6.178756049890126
45.915584651296
6.178756049890126
45.915583651296
6.178756049890126
45.915582651296
6.178756049890126
45.915581651296
6.178756049890126
45.915580651296
6.178756049890126
45.915579651296
6.178756049890126
45.915578651296
6.178756049890126
45.915577651296
6.178756049890126
45.915576651296
6.178756049890126
45.915575651296
6.178756049890126
45.915574651296
6.178756049890126
45.915573651296
6.178756049890126
45.915572651296
6.178756049890126
45.915571651296
6.178756049890126
45.915570651296
6.178756049890126
45.915569651296
6.178756049890126
45.915568651296
6.178756049890126
45.915567651296
6.178756049890126
45.915566651296
6.178756049890126
45.915565651296
6.178756049890126
45.915564651296
6.178756049890126
45.915563651296
6.178756049890126
45.915562651296
6.178756049890126
45.915561651296
6.178756049890126
45.915560651296
6.178756049890126
45.915559651296
6.178756049890126
45.915558651296
6.178756049890126
45.915557651296
6.178756049890126
45.915556651296
6.178756049890126
45.915555651296
6.178756049890126
45.915554651296
6.178756049890126
45.915553651296
6.178756049890126
45.915552651296
6.178756049890126
45.915551651296
6.178756049890126
45.915550651296
6.178756049890126
45.915549651296
6.178756049890126
45.915548651296
6.178756049890126
45.915547651296
6.178756049890126
45.915546651296
6.178756049890126
45.915545651296
6.178756049890126
45.915544651296
6.178756049890126
45.915543651296
6.178756049890126
45.915542651296
6.178756049890126
45.915541651296
6.178756049890126
45.915540651296
6.178756049890126
45.915539651296
6.178756049890126
45.915538651296
6.178756049890126
45.915537651296
6.178756049890126
45.915536651296
6.178756049890126
45.915535651296
6.178756049890126
45.915534651296
6.178756049890126
45.915533651296
6.178756049890126
45.915532651296
6.178756049890126
45.915531651296
6.178756049890126
45.915530651296
6.178756049890126
45.915529651296
6.178756049890126
45.915528651296
6.178756049890126
45.915527651296
6.178756049890126
45.915526651296
6.178756049890126
45.915525651296
6.178756049890126
45.915524651296
6.178756049890126
45.915523651296
6.178756049890126
45.915522651296
6.178756049890126
45.915521651296
6.178756049890126
45.915520651296
6.178756049890126
45.915519651296
6.178756049890126
45.915518651297
6.178756049890126
45.915517651297
6.178756049890126
45.915516651297
6.178756049890126
45.915515651297
6.178756049890126
45.915514651297
6.178756049890126
45.915513651297
6.178756049890126
45.915512651297
6.178756049890126
45.915511651297
6.178756049890126
45.915510651297
6.178756049890126
45.915509651297
6.178756049890126
45.915508651297
6.178756049890126
45.915507651297
6.178756049890126
45.915506651297
6.178756049890126
45.915505651297
6.178756049890126
45.915504651297
6.178756049890126
45.915503651297
6.178756049890126
45.915502651297
6.178756049890126
45.915501651297
6.178756049890126
45.915500651297
6.178756049890126
45.915499651297
6.178756049890126
45.915498651297
6.178756049890126
45.915497651297
6.178756049890126
45.915496651297
6.178756049890126
45.915495651297
6.178756049890126
45.915494651297
6.178756049890126
